1.221531339744393e-292 666.1582897974858 1.00701429e-01 2.20864713e-02 4.36657522e-01 -6.69304910e-05 3.99183668e+00 1.83932478e+00 -23.452231637593943 -538.0535659077417 -7.230767460243769
6.449758118270941e-283 643.7660990583121 1.31767124e-01 2.47758633e-02 4.65803631e-01 3.20979579e-04 2.42078432e+00 1.51645733e+00 -93.51863455093654 -572.6292147026907 -0.01044054385869013
9.497827226103298e-281 638.7757008193489 1.08693268e-01 2.25866548e-02 4.74083175e-01 7.19337988e-04 6.42130307e-01 2.44234982e+00 -74.3296254023926 -551.4903906341532 -17.946083021766285
1.84133518681585e-279 635.8516583391574 1.28742962e-01 2.16759545e-02 4.41356272e-01 4.70800831e-04 1.70417910e+00 2.07385637e+00 -76.02863494627053 -561.988328500669 -0.7587373724092675
2.892561537006403e-275 626.1324159778842 1.36876131e-01 2.08054424e-02 4.64196554e-01 3.87337458e-04 3.25386527e+00 1.51857945e+00 -83.55692635687339 -552.0150361136654 -0.27969586861863327
1.0435957292278086e-274 625.1669095148205 1.77065287e-01 2.49690786e-02 4.38915341e-01 6.96166596e-04 3.30458321e+00 1.39046092e+00 -73.63988180910114 -549.0068293724465 -3.4857047963365546
2.205063605347394e-274 624.5082886101993 4.89581119e-01 2.36250151e-02 8.71592303e-01 -5.18909190e-04 3.32128434e+00 1.87626065e+00 -73.38636656212222 -531.2298234577589 -20.550719494939322
7.135186888150646e-273 620.629798116597 1.19397827e-01 2.23935053e-02 5.16802674e-01 2.10252239e-04 2.30120206e+00 2.59570555e+00 -78.45104067910617 -539.9701177852847 -6.087130145808378
8.529417738031192e-272 618.2083407068886 1.37107932e-01 2.03784840e-02 4.99593192e-01 -1.69930669e-04 4.59399387e+00 2.64313688e+00 -61.331366185091596 -558.9687858814821 -0.3296460500233929
8.747538856097548e-269 611.1861691550799 4.36978651e-01 2.04167670e-02 8.97161235e-01 6.37789423e-04 4.08347092e+00 2.67802388e+00 -62.290379815017644 -549.5508181765111 -6.367142715359776
4.149688938514459e-268 609.8586148896593 1.02598712e-01 2.46448397e-02 7.24190017e-01 5.07451757e-04 2.26962865e+00 1.34174681e+00 -75.60729040531061 -529.5052586204506 -6.0736201293188365
1.455431082089847e-267 608.6175222903122 2.04808474e-01 2.31685478e-02 4.06572030e-01 -1.69665998e-04 5.88661133e-01 1.51060496e+00 -25.24924069874403 -568.3291681308251 -16.2802060600901
6.341814121827641e-267 607.0817312623847 1.06893321e-01 2.01019360e-02 7.19299133e-01 -8.92037023e-04 2.55367231e+00 1.89883956e+00 -81.46978878070082 -524.0306209204396 -3.117112589171798
2.3832012628350982e-265 603.2773432702206 4.90948573e-01 2.07976943e-02 8.27321553e-01 -7.41949733e-04 4.84250774e+00 1.82019624e+00 -26.284942900204445 -572.1035710959364 -8.69321726624375
1.6378503782857094e-264 601.4755216583658 1.21187036e-01 2.45069344e-02 8.85769479e-01 -8.13979681e-04 1.82620046e+00 1.71919683e+00 -58.786515560061574 -540.9605078999886 -3.530319810170406
4.040987243885498e-264 600.8396255939068 1.05641870e-01 2.23010906e-02 6.77436718e-01 -5.96389355e-04 4.51730412e+00 2.92738856e+00 -21.014775596624844 -565.8462788685188 -14.614467193222108
1.533989280291228e-263 599.2637488839454 1.09183436e-01 2.36001997e-02 7.01077069e-01 -3.19586752e-05 1.99455912e+00 1.93017382e+00 -30.985644293081545 -569.6672801324216 -0.1867011684036012
3.5436597360260386e-263 598.6749507920489 1.84583607e-01 2.48231200e-02 5.03277575e-01 -5.84536052e-05 2.11220309e+00 2.26265937e+00 -26.697365207131718 -566.6660268020978 -5.90035687471587
4.5838508367707235e-263 598.6536810330108 4.45990795e-01 2.19956845e-02 8.76359441e-01 1.35123405e-04 4.49646766e+00 1.66651598e+00 -50.63271886270562 -529.4754037871498 -18.566828142193465
2.564669067477436e-262 596.3384133786608 1.97756465e-01 2.41201065e-02 4.63462687e-01 2.43051216e-04 3.79860944e+00 2.79609916e+00 -67.91319852164561 -530.7390854327281 -0.001397078637052371
1.0115518003202098e-261 595.1278733363921 2.10922965e-01 2.36636639e-02 4.39662776e-01 1.93462205e-04 4.60986365e+00 2.04164563e+00 -60.67679403296597 -525.23995793938 -10.421661406314797
2.021996136703875e-261 594.6531155804065 1.90965886e-01 2.23284045e-02 4.47792183e-01 5.74574788e-04 4.01788637e+00 1.42850914e+00 -66.76097125216013 -521.9830855463479 -6.38381653788403
2.9119325410272857e-261 594.3547768550649 1.71013872e-01 2.46094005e-02 5.34758019e-01 -4.60501695e-05 3.73988113e+00 2.61232997e+00 -67.39097241573022 -527.0373952335167 -0.22474793115958835
6.4553348338712725e-261 593.2965758572669 4.96852264e-01 2.47079307e-02 4.39647001e-01 -2.47417044e-04 3.92753310e+00 2.61799024e+00 -44.37961560633458 -534.1316002820067 -15.843560966723516
2.164178604972277e-260 592.0328099797263 3.03340857e-01 2.45115513e-02 4.07168223e-01 -5.89643937e-04 3.36275376e+00 2.04289401e+00 -33.080865072811456 -543.1434725965444 -17.072238187911122
4.178843822381853e-260 591.6347386329343 2.31998798e-01 2.06010330e-02 4.24772143e-01 -3.10885277e-04 3.61787919e+00 2.63187700e+00 -64.90036891211223 -512.4636612080366 -14.668779859577537
1.8390109179254065e-259 589.7795095599977 1.33327201e-01 2.47089348e-02 7.17861951e-01 -8.70350239e-04 4.81697696e+00 2.11542200e+00 -68.90906104800163 -517.9679572513196 -4.7577203336131175
3.2893673761015166e-259 589.7036782856537 2.00223281e-01 2.27632056e-02 4.54370359e-01 -6.94642843e-05 2.61094465e+00 2.79850275e+00 -20.40756118748722 -552.2869527620444 -17.08499561046603
4.1843634476177786e-259 589.3228239982556 1.15090728e-01 2.41856221e-02 8.84155247e-01 6.07562566e-04 1.80161772e+00 1.58889569e+00 -63.5988830996724 -524.7996096390349 -1.3051855469463922
5.237268900751858e-259 589.2118441794435 1.25876883e-01 2.46935091e-02 8.04639910e-01 7.09033321e-05 1.84087161e+00 2.50043245e+00 -21.08197993261395 -557.158804791447 -11.082039274194557
6.914669283933093e-259 588.7968342236051 1.37849869e-01 2.47043971e-02 6.73190265e-01 4.10273240e-04 3.65332674e+00 2.81558471e+00 -17.09735989832594 -555.2249502907003 -16.88953399041715
1.216221443251386e-258 588.1367458143229 2.10865668e-01 2.21221049e-02 4.40342566e-01 3.64318035e-04 3.04995625e+00 1.60007500e+00 -23.373678427972497 -548.3957739860408 -17.02738180959173
2.2289254013299404e-258 587.5524684921991 4.56057520e-01 2.12248610e-02 8.35701100e-01 -2.10625877e-05 3.24143744e+00 2.95398931e+00 -66.34202423391493 -521.7700868854813 -0.024634694926681255
6.0990351596002275e-258 586.3636686530997 4.25238413e-01 2.40183339e-02 8.52746987e-01 -7.94225883e-04 3.96186284e+00 2.59503863e+00 -53.202420865714764 -532.8560824280117 -1.4939651984725246
1.202197572885544e-257 585.9034855824531 2.09936647e-01 2.02634193e-02 4.67416891e-01 6.31829890e-04 3.44932881e+00 1.55914369e+00 -51.7310703469781 -525.1965432239704 -9.436055082151263
2.0340534660184255e-257 585.3304473171622 4.58135844e-01 2.45474807e-02 7.87858836e-01 2.00562563e-04 4.56873238e+00 1.41874759e+00 -56.73713493252966 -521.8752928598867 -7.291057790036644
4.639030193654063e-257 584.380959160616 1.10595048e-01 2.23374133e-02 8.38615551e-01 3.96374633e-04 3.83885312e+00 1.39375017e+00 -36.62528274400223 -533.6102718314837 -15.094892741676283
2.0378787273393846e-256 582.7471905895134 1.58211763e-01 2.43506722e-02 6.15507333e-01 -9.26269491e-04 3.68126311e+00 2.12600218e+00 -19.48139306149081 -564.6614962116374 -0.23806988748777927
3.6803104246931796e-256 582.5908260931855 1.96763311e-01 2.31241476e-02 4.85559351e-01 -2.28181671e-04 3.31912090e+00 1.53883064e+00 -29.486411833437856 -540.4251626794141 -12.835616076661342
4.1273090573811777e-256 582.5037472778565 4.47940719e-01 2.45694081e-02 4.35160707e-01 -6.51080163e-04 1.23685990e+00 2.17266191e+00 -53.857275151854886 -525.8527807421074 -2.880770199223241
5.096924254025239e-256 582.1826056118589 1.19655214e-01 2.09659030e-02 8.77274103e-01 1.19738711e-04 4.84751418e+00 1.41093433e+00 -39.342054091395795 -527.8037496941126 -15.35794349234816
6.277491335357149e-256 582.0554710013877 4.60997916e-01 2.29540419e-02 4.06085181e-01 -7.07923822e-04 2.10462315e+00 2.59666063e+00 -20.14735516310814 -559.4097294430235 -2.625521005727254
1.6807153253472292e-255 580.6542205677313 4.93849007e-01 2.45946775e-02 4.86386656e-01 9.26472515e-04 3.02587902e+00 1.98923456e+00 -47.82413212679656 -532.1698214088497 -2.0615174657413644
4.578120147917638e-255 579.7738660505534 2.82924592e-01 2.08810751e-02 4.14609686e-01 7.75969732e-04 3.25509172e+00 2.16095976e+00 -20.53881474676861 -544.4515019144973 -15.663903906465437
8.4861106113928e-255 579.2820317096937 1.36976321e-01 2.32551280e-02 6.59947668e-01 -1.82023594e-04 3.64569010e+00 1.78471215e+00 -63.94386965946606 -512.7648973862355 -3.0650990048518323
1.2316820116725709e-254 578.9814485631354 2.79806715e-01 2.37407655e-02 4.27202120e-01 6.33156098e-04 1.74665451e+00 2.66963017e+00 -25.886242806367758 -549.7910130139513 -3.60477588937464
1.437406305672918e-254 578.9410425505996 1.73356875e-01 2.05289477e-02 5.43045178e-01 5.88628727e-04 3.25143056e+00 1.65889484e+00 -59.219591821625315 -512.7650846984443 -6.996772043065821
1.5991104929182265e-254 578.7655412238112 2.11236697e-01 2.34462110e-02 4.70959997e-01 9.22237325e-04 1.50301676e+00 1.62288483e+00 -41.19937233666257 -532.4882744648427 -5.253395749094353
2.1416449542064925e-254 578.3766894492737 2.08282500e-01 2.32556836e-02 4.81541043e-01 2.57566731e-04 2.20746833e+00 1.89953764e+00 -54.27614890623601 -519.6829701423444 -4.806422175230748
3.680821551905678e-254 577.7358390000862 1.97743595e-01 2.44467520e-02 5.47494673e-01 -9.35286052e-04 2.67036604e+00 2.60049472e+00 -52.53343488081034 -522.2352349502503 -3.608019618213162
6.145295881255649e-254 577.2899486587978 2.77791749e-01 2.36816202e-02 4.32474225e-01 6.74151079e-04 2.84450072e+00 2.95952592e+00 -36.95341219363714 -526.8667241100261 -13.915702696422965
1.4571481468516096e-253 576.2222246740679 3.56355000e-01 2.05097482e-02 4.12966958e-01 -1.26864072e-04 1.77500369e+00 2.76165084e+00 -57.832776408378905 -512.933113635386 -6.524058615032911
2.2988126236488298e-253 576.0994959910734 3.80386403e-01 2.08064549e-02 8.88081607e-01 4.06410736e-04 4.19698626e+00 2.20481419e+00 -55.469865244042005 -515.3628026099462 -5.3895568200796475
2.5670485886751413e-253 575.9907150534514 2.85243501e-01 2.24305956e-02 4.16685991e-01 8.54432090e-04 4.45054166e+00 2.77281840e+00 -53.80834107765807 -518.8112597087402 -3.479895204675074
4.1633089184128035e-253 575.2526567371423 1.28842174e-01 2.23896365e-02 7.09776617e-01 1.77748884e-04 3.69081327e+00 2.14854366e+00 -62.87764476305319 -512.714703688425 -0.3983666019731243
7.316079399641161e-253 574.7762289335031 4.57343199e-01 2.14213471e-02 4.31653641e-01 7.26299249e-04 1.52728853e+00 2.82596769e+00 -21.217848738971227 -553.7119555616092 -0.32285243656177526
9.244109350192062e-253 574.7194465639226 4.93580492e-01 2.47500408e-02 5.39313536e-01 8.71755531e-04 2.76676657e+00 1.59937920e+00 -37.28475185746496 -536.6446310146177 -0.8468460614204779
1.0636803316333219e-252 574.4971135662419 2.76750068e-01 2.37038919e-02 4.41652800e-01 8.48914312e-04 4.87218881e+00 2.19317914e+00 -12.23457242284921 -544.873525459062 -17.61134868201145
1.2048478670204854e-252 574.4484929882334 4.92710108e-01 2.40446965e-02 4.81072170e-01 4.33238046e-04 4.70011153e+00 1.85813122e+00 -54.75390851015695 -513.0430823709298 -6.700122685155086
1.7876010745871786e-252 573.8006462682964 1.48528166e-01 2.46571444e-02 7.74327213e-01 3.23992978e-04 4.04740833e+00 1.57101098e+00 -22.2000620312898 -542.5617675007061 -9.686663456237465
2.4922198743519964e-252 573.6747387084026 4.60696219e-01 2.32340975e-02 7.64061165e-01 3.88117247e-04 1.11394687e+00 1.54849558e+00 -14.122050976031163 -543.2453940236356 -16.433201268629634
2.899233110233738e-252 573.492460617429 4.69318135e-01 2.42996937e-02 7.37750059e-01 4.33763005e-04 4.47217221e+00 2.95819023e+00 -31.794495370179614 -538.3971789668971 -3.4830643713260443
3.2092216058898674e-252 573.4536804060066 3.64031828e-01 2.31107121e-02 4.13608381e-01 -5.33503792e-04 3.29262653e+00 2.36873787e+00 -24.601799510658743 -536.6104076778335 -12.28025342893671
3.673202173086967e-252 573.2250754999886 4.01575538e-01 2.37137837e-02 4.28599753e-01 -6.29922214e-04 4.21504956e+00 2.31225623e+00 -54.53519936281904 -516.1073922194429 -2.811088823744678
4.260201570738546e-252 573.1361400157658 1.36930607e-01 2.03081094e-02 7.22713028e-01 7.99621635e-04 3.68740739e+00 2.55981221e+00 -44.95688352678147 -521.4891200923869 -6.779071880820302
5.63644866144876e-252 572.7003545060887 1.46641235e-01 2.06874749e-02 6.55107411e-01 3.32560788e-04 4.40044916e+00 2.48082615e+00 -17.997029952084418 -548.2143238348947 -6.924786228786757
7.192919881148936e-252 572.5941891319377 2.10115661e-01 2.00680014e-02 5.13253785e-01 3.81276880e-04 1.68496896e+00 1.97092856e+00 -24.233048344653103 -544.2715993022384 -4.195706859197234
9.538956651714372e-252 572.168048650112 4.08529601e-01 2.02055955e-02 8.37988196e-01 -7.53780519e-04 3.69888215e+00 2.23851802e+00 -42.327797624880716 -521.2628502438308 -9.003541263226085
1.3150236750000998e-251 571.9132323421173 3.30757603e-01 2.47158628e-02 4.60717485e-01 5.52795938e-04 4.67126903e+00 2.30349108e+00 -42.328867762222146 -522.06020281441 -7.778978073479961
1.8168168405735067e-251 571.5316116187489 1.37297089e-01 2.32016342e-02 8.57310164e-01 -4.55373878e-04 3.28783777e+00 2.53890798e+00 -41.21878997015306 -513.5212938504851 -17.173148521479245
2.4126094681992715e-251 571.3118690668849 3.91732430e-01 2.10132901e-02 4.18546003e-01 -3.79315252e-04 1.08731808e+00 1.29644588e+00 -17.70992676188136 -550.5223954272348 -3.299289429632872
3.4871293996515623e-251 570.8302794786412 4.19980475e-01 2.47360974e-02 4.76683065e-01 -2.32093372e-04 4.76362067e+00 2.02995507e+00 -50.00756036232137 -518.9095428771074 -2.3947658274562724
4.295933865622142e-251 570.8272857259401 4.13783914e-01 2.41322530e-02 8.11282155e-01 2.63400202e-04 2.43207125e+00 1.62811125e+00 -28.37047919727537 -525.0278882575303 -17.43191202383553
5.121579847136261e-251 570.4960233376044 3.05038209e-01 2.05348810e-02 4.37755828e-01 -2.23820763e-04 2.78320942e+00 2.93987500e+00 -35.47969375455048 -524.805029024277 -10.542562947112602
7.894521479908201e-251 569.9883436678259 3.45281756e-01 2.07569797e-02 4.25692952e-01 3.11230188e-04 4.61413105e+00 2.33884276e+00 -52.79382739036641 -512.4905263189378 -5.211669628300082
1.215840087487052e-250 569.5966956817223 1.94841992e-01 2.15067223e-02 5.25557956e-01 -6.01119448e-04 4.95375321e+00 2.13241494e+00 -51.66808508059953 -514.5508346053351 -3.769423981891244
1.4680618002362322e-250 569.5635237165905 1.75263006e-01 2.45082761e-02 6.45813013e-01 -5.15072062e-04 2.73311301e+00 1.31711688e+00 -42.55214472681821 -526.4220226252378 -0.6225283296662419
1.5675209550766292e-250 569.4581171964994 1.21238787e-01 2.13165159e-02 8.67280142e-01 9.22862917e-04 1.20252710e+00 1.35842168e+00 -21.28966226773008 -533.643620395119 -14.630241053741457
1.8404948666401872e-250 569.241411480174 4.75786462e-01 2.44544579e-02 7.02123310e-01 -7.20497109e-04 4.33229084e+00 2.00030827e+00 -20.353086796010814 -547.9356309963553 -1.16939940413345
2.4838042242977774e-250 568.8710150415127 2.15159305e-01 2.37961534e-02 5.12925125e-01 2.80600632e-04 6.49010504e-01 2.87232362e+00 -18.28001197179816 -536.9571807627394 -14.004218745636466
3.134384733787175e-250 568.7365650055795 4.80833677e-01 2.37693029e-02 4.80956292e-01 -2.74733395e-04 2.07299979e+00 2.06510187e+00 -41.2882515913204 -520.1283192703023 -7.454444179889994
3.39398302913628e-250 568.6977580880367 1.47194857e-01 2.09620758e-02 6.99514872e-01 -6.36051269e-04 2.59783994e+00 1.43281514e+00 -23.452231637593943 -538.0535659077417 -7.230767460243769
3.48564514886292e-250 568.6730678853052 3.27130759e-01 2.35060059e-02 4.37066731e-01 -4.37336800e-04 2.13071649e+00 2.05745149e+00 -19.657208127050218 -546.3959287460531 -2.644621214933447
3.78828887723884e-250 568.5264755615433 1.46371645e-01 2.29169764e-02 6.59705827e-01 6.22995969e-04 3.04028760e+00 2.53401388e+00 -50.469189727053504 -512.9859820384415 -5.217896119810089
1.0852011810463774e-249 567.0527811742903 4.76071190e-01 2.49455042e-02 5.95959123e-01 -3.90095830e-05 6.01898447e-01 2.73677558e+00 -23.26445470239583 -543.3608710815793 -1.901149777568157
1.783753657137211e-249 567.022886793809 3.91254113e-01 2.28240288e-02 4.27911833e-01 -5.08581799e-04 1.58953191e+00 1.65521028e+00 -9.396911097684772 -537.432394707243 -20.22347536936254
1.8063561920442088e-249 567.0174067437492 3.90529344e-01 2.02072168e-02 4.49365228e-01 3.25392084e-04 1.15860462e+00 2.47484818e+00 -46.648265068061505 -518.847064094396 -1.5275576313514068
1.8094545628393756e-249 567.0094922811528 4.41493520e-01 2.19824076e-02 4.41434192e-01 4.41635705e-04 1.97261149e+00 2.71730961e+00 -38.07414362763588 -521.1781802754708 -7.765082840642586
1.9757883139383147e-249 566.8388065576513 3.59979651e-01 2.08657365e-02 4.33689050e-01 8.49304848e-04 1.06064821e+00 1.85846222e+00 -36.068876068498895 -530.9372769140922 -0.0033392985617728813
3.908109780485472e-249 565.8590327331613 4.16632088e-01 2.09674922e-02 8.02789196e-01 4.78304463e-04 1.37444687e+00 2.06853385e+00 -45.37605733471852 -518.3145351085359 -3.148214114396832
1.0215231405575525e-248 564.8985104735975 1.56091866e-01 2.06411050e-02 6.81080483e-01 -2.91789034e-04 3.23481442e+00 2.21521240e+00 -35.11761304450103 -528.1238092690502 -2.617610419610051
1.5207428763068168e-248 564.832059123007 3.41358445e-01 2.29797834e-02 4.37282647e-01 -6.46687835e-04 1.28746471e+00 2.24446254e+00 -19.66602239758289 -540.7396918729031 -4.492796203111492
2.1421239414583955e-248 564.2780135818678 3.62219589e-01 2.40431710e-02 4.59776883e-01 1.70359218e-04 1.13510658e+00 2.67605887e+00 -49.355482606371474 -513.2998653702475 -2.176711146388051
3.3693477477464733e-248 563.8798384149113 4.76234673e-01 2.39917925e-02 5.12790455e-01 -1.08047379e-04 2.26017269e+00 2.88090386e+00 -37.98062237925971 -516.625319465863 -9.672071736745073
4.5432465311908776e-248 563.6446169050973 3.55185195e-01 2.32440431e-02 4.43257779e-01 -6.45961454e-04 3.82576431e+00 2.58026629e+00 -17.174016699434635 -537.5187573407546 -9.187064374722002
5.756916368294321e-248 563.3977409555638 1.74424144e-01 2.10065139e-02 6.08032663e-01 -6.48955533e-04 4.00106214e+00 2.33620044e+00 -44.90914925877583 -515.1951049584707 -3.540362687850843
7.218283638147334e-248 563.1789559129763 2.05907144e-01 2.31410758e-02 5.35842461e-01 3.62911526e-04 3.50240693e+00 1.77605496e+00 -27.577654798050727 -533.3929734243696 -2.427112733143361
9.616519353557105e-248 562.8320319400929 1.53011312e-01 2.30066249e-02 8.71566816e-01 -8.82453745e-04 4.93180271e+00 1.75514727e+00 -37.231533831653465 -522.9776419122377 -2.9697801690851895
1.2376282115366859e-247 562.6433312292028 2.38649748e-01 2.49845224e-02 8.93494559e-01 1.15911609e-04 2.22142689e+00 1.83480829e+00 -18.142484961636644 -542.3893847615669 -2.30016221688924
1.7743995173428443e-247 562.1523156754545 1.52879645e-01 2.40464025e-02 7.72191421e-01 9.83557074e-04 3.11115806e+00 1.23455726e+00 -25.29867211834185 -516.5781351932591 -20.766523917601813
2.553497729666561e-247 561.8660862695239 1.56070905e-01 2.14816855e-02 8.99531329e-01 -8.29879218e-05 8.69746403e-01 2.32847800e+00 -13.029577267121839 -539.4197447826283 -9.702993625704341
3.443626851060042e-247 561.5488594315982 2.84717800e-01 2.10748994e-02 4.62244945e-01 4.01126787e-04 4.42412776e+00 2.16451490e+00 -20.051254145887857 -541.1300909261665 -0.6847411974694926
4.4843970411824667e-247 561.3163813276389 2.47445039e-01 2.24734723e-02 4.82604587e-01 5.37298711e-04 3.14892312e+00 2.38168295e+00 -46.70613286020668 -512.7321045658 -2.110622005591459
5.115821415941494e-247 561.2626567865677 2.01837016e-01 2.43458760e-02 5.82139889e-01 4.86494740e-04 9.09542363e-01 1.34279191e+00 -45.445975835467 -515.3844955109051 -0.48590998126667817
5.489793153329922e-247 561.1668723354209 1.59980872e-01 2.29685382e-02 7.02036292e-01 -8.15991977e-04 2.36161981e+00 2.02779678e+00 -26.438760717934358 -522.0410534239788 -12.782842644654604
8.595585296184475e-247 560.4720234999166 4.94586609e-01 2.39062873e-02 6.05740638e-01 -1.92479616e-04 2.83286493e+00 1.22965122e+00 -17.579611201160677 -541.4612573288011 -2.1260038054590655
1.4316751777544077e-246 560.0602719724188 2.09715568e-01 2.03592990e-02 5.73514438e-01 -8.09310179e-04 1.95794404e+00 2.86039960e+00 -9.841340300979953 -542.2231224996998 -8.407560699236948
1.9352511114393878e-246 559.8303615915977 1.91077014e-01 2.49140746e-02 8.42839131e-01 9.51231095e-04 3.85231632e+00 2.82954957e+00 -29.159403791930146 -524.3840257695388 -6.516842410949918
2.2018493586484766e-246 559.7796333977918 1.48841036e-01 2.09333752e-02 8.16010563e-01 6.44244083e-04 4.86826226e+00 2.56305970e+00 -13.73831717417699 -526.3007696009068 -19.791274816513802
2.2589125054615836e-246 559.7686019026701 4.41395876e-01 2.42510919e-02 5.19581495e-01 8.08600060e-04 2.71483079e+00 1.60581536e+00 -14.035033109993789 -542.9545400016206 -2.790060286177456
2.494129646058461e-246 559.5803608670199 1.45528437e-01 2.20374302e-02 8.53236866e-01 7.71351814e-04 3.70754130e+00 2.85067099e+00 -16.769133245627224 -531.2372501009656 -11.762218556077217
2.7321984092900063e-246 559.5674891479586 1.79908950e-01 2.41651355e-02 8.87650052e-01 4.80791370e-04 2.81983095e+00 2.66055794e+00 -15.83911021723498 -543.740532759745 -0.0007178900399888909
3.1628704547177055e-246 559.2959716214378 4.48380815e-01 2.40861456e-02 5.15506138e-01 2.99370152e-04 3.07162737e+00 2.56834406e+00 -19.03610209472671 -529.6580258479361 -10.873361205295692
3.669691037162979e-246 559.2425971140773 3.09518933e-01 2.36571879e-02 4.74471074e-01 -7.98322347e-04 3.46292361e+00 2.27722539e+00 -17.59747958785079 -531.6111634157636 -10.087328617823442
3.8079870316523777e-246 559.2115390763537 4.99554601e-01 2.23683122e-02 6.61536813e-01 3.42152769e-04 3.26728861e+00 1.37334420e+00 -40.41427766792102 -512.4947085371462 -6.333610909010032
3.8637071063800675e-246 559.2033448735507 3.35098179e-01 2.31724839e-02 8.89777640e-01 -1.42167611e-04 3.50971100e+00 1.21734922e+00 -13.971490815205367 -544.9533720247831 -0.2866762363652401
5.554814466712e-246 558.5731553988661 3.97947482e-01 2.12508504e-02 8.62767392e-01 -8.06005994e-04 5.20047211e-01 2.55330134e+00 -42.43592080896764 -513.6289100203167 -3.1385140442663015
1.0514002181790112e-245 557.9233539687541 3.55255046e-01 2.14090749e-02 4.52868260e-01 -9.69855185e-04 3.80922315e+00 2.31638271e+00 -41.20463266607293 -515.9706232367535 -1.39789949603968
1.5510072105390315e-245 557.6948842399127 3.76952614e-01 2.22541680e-02 4.50370698e-01 -2.53392312e-04 1.20245764e+00 2.96602011e+00 -41.954335721103966 -515.0870960793708 -0.8819221682793897
2.646661943319576e-245 556.9627005745527 2.77502830e-01 2.33277410e-02 4.88505964e-01 -1.35325037e-04 2.57799931e+00 1.50388791e+00 -40.28786360441351 -517.27744911679 -0.12957151870920153
4.0506412501968664e-245 556.7176052941307 4.06182859e-01 2.15202424e-02 8.12709909e-01 -6.42346823e-04 4.37001596e+00 2.70521886e+00 -39.85565261872961 -513.0659647965023 -4.041083159320925
7.204094082122858e-245 555.9354074436754 2.30775950e-01 2.12600521e-02 5.26958837e-01 -8.47858944e-04 4.73251920e+00 2.46068938e+00 -34.07349052044787 -522.0539502798665 -0.5901644938163463
1.0010508605653588e-244 555.9007476847029 1.61631945e-01 2.28845612e-02 8.72739246e-01 6.06785436e-04 4.62990128e+00 2.56890974e+00 -36.29727373909982 -518.2734814374923 -1.3646522670833792
1.2740845254124124e-244 555.4855650201663 3.57885613e-01 2.02437374e-02 4.82891174e-01 -9.84438347e-04 3.74385285e+00 1.21585723e+00 -16.89660532657663 -537.2379181908876 -1.76622416723862
1.5480406565713774e-244 555.4586413875817 4.58038860e-01 2.43368899e-02 5.86273689e-01 -9.96891698e-04 4.41623168e+00 2.41837975e+00 -32.72546226336251 -515.3047413471842 -7.455361409619585
1.7040318426750643e-244 555.2904576896724 3.26737221e-01 2.15019933e-02 8.94028654e-01 -2.22147296e-04 2.65968645e+00 2.34357419e+00 -10.208658413002441 -532.5657232198038 -12.684259754775486
2.0494782071314003e-244 555.0831517170329 4.82212209e-01 2.15253430e-02 6.78145822e-01 5.33336664e-04 4.95310659e+00 1.55589651e+00 -41.622556438292676 -513.0338489209656 -0.6340523304140698
2.68030080114201e-244 554.7591935389137 4.89551425e-01 2.20729881e-02 5.67776301e-01 6.90042961e-04 2.08780693e+00 2.25056763e+00 -14.612108804684382 -539.8928635534963 -0.5781793588522998
3.251605487035312e-244 554.6629294578497 4.76414283e-01 2.05046021e-02 5.56063679e-01 -7.91490931e-04 4.40354300e+00 1.50723392e+00 -10.063779727061727 -544.6887792677451 -0.006634544106826047
3.4259363327318096e-244 554.6425545473841 1.53364798e-01 2.11118440e-02 8.33474545e-01 4.03536890e-04 9.70107472e-01 2.51052275e+00 -11.990569797076983 -537.2460106665033 -5.426348994269464
3.6503371610680983e-244 554.5291732613069 3.64096800e-01 2.48378679e-02 7.80437140e-01 1.80795655e-04 4.31448149e+00 2.14922576e+00 -15.309343411242422 -537.3843751773996 -1.9488359587420176
4.526251010876393e-244 554.2226206268131 4.76032276e-01 2.03229376e-02 6.67792579e-01 -4.19180242e-04 1.49119106e+00 1.96594465e+00 -19.28052326747391 -516.4859387407554 -18.762711253077647
5.714186238321846e-244 554.0381733558371 3.59759162e-01 2.20404552e-02 8.57047622e-01 7.37988957e-04 4.88534468e+00 2.75006274e+00 -12.791069085175007 -534.6262091663114 -6.805342375326778
6.329571574042291e-244 553.9999561790547 1.80136003e-01 2.11930728e-02 6.37389917e-01 -2.49351669e-04 4.27803873e+00 1.39858082e+00 -37.809234342018094 -516.2279503173324 -0.0009886964865882324
6.574506337319621e-244 553.9524631187318 1.94510155e-01 2.07074247e-02 6.06513047e-01 2.56988881e-04 3.72318170e+00 1.32196641e+00 -21.389685188981655 -530.994466361249 -1.6158046288240449
6.860524058797683e-244 553.9048160801933 4.04639858e-01 2.49249785e-02 6.87790660e-01 7.31774013e-04 2.66168213e+00 2.19395245e+00 -23.796824657232044 -526.0846226048918 -4.071015856607895
6.991092249648757e-244 553.9042146783418 2.90934259e-01 2.04094025e-02 5.05516159e-01 -5.71127208e-04 6.66147549e-01 2.25157439e+00 -10.043276468336783 -523.9208494335076 -19.940690178349026
7.17402978067966e-244 553.8440832626494 1.70651853e-01 2.11188657e-02 6.73512978e-01 1.37174239e-04 4.32074505e+00 2.09831078e+00 -34.925508770894574 -512.8491588356591 -6.129547071788145
8.297212142819797e-244 553.615469418778 1.88029128e-01 2.32213396e-02 6.52105311e-01 -6.96231290e-04 1.71077534e+00 2.14071221e+00 -17.810873701986964 -534.1143934029658 -1.918816157696619
1.1448449583486931e-243 553.2166954885446 1.83175605e-01 2.40133316e-02 8.44413275e-01 2.86837438e-04 4.52197978e+00 1.33669918e+00 -18.938799077508584 -531.2664223614862 -3.410247979783182
1.380434789161581e-243 553.1918950011427 3.57306618e-01 2.19004260e-02 4.64718021e-01 -9.71350736e-04 2.53884384e+00 2.05604519e+00 -14.267468401107996 -529.5603543933228 -9.38887269411383
1.42317642364858e-243 553.1461052189846 2.71966878e-01 2.44339753e-02 8.75853241e-01 -9.48968707e-04 1.05205558e+00 1.77082660e+00 -38.324771141312084 -514.8333385576652 -0.033785302165413825
1.4546303514828187e-243 553.1376924357812 2.33209224e-01 2.24212383e-02 5.27664761e-01 1.31266158e-04 4.65211815e+00 2.30647426e+00 -23.15089519094664 -516.2256522228234 -13.769557805214573
1.5932910378578066e-243 552.961742296475 1.76643052e-01 2.06492018e-02 6.82227663e-01 -1.41703467e-04 3.06635329e+00 1.53592374e+00 -35.139535533572186 -517.6177406411317 -0.38041626107734566
1.733497066864655e-243 552.9513366085753 3.30044888e-01 2.48858717e-02 5.42562206e-01 7.73816213e-04 2.99954695e+00 2.22525205e+00 -16.24512826104953 -532.2764254874149 -4.440188548010508
1.9278291612725466e-243 552.7494089858627 3.72797305e-01 2.17700651e-02 4.67331299e-01 -8.62684954e-04 3.41250535e+00 2.21291760e+00 -19.76621364653234 -513.7777023632154 -19.407420598827425
2.169392114338136e-243 552.6957987080136 4.80409293e-01 2.26987593e-02 6.49775276e-01 5.78022995e-04 3.15566921e+00 1.52592484e+00 -35.65217440659947 -516.9496272060587 -0.1476073732045033
2.4599354868992454e-243 552.4971849104674 2.91858353e-01 2.43560406e-02 8.65924572e-01 5.89359879e-04 4.33969525e+00 1.47523707e+00 -11.301135344452188 -540.3060193227518 -1.0886440408096687
2.753477192159098e-243 552.4510511227311 4.44367410e-01 2.41354751e-02 6.73369442e-01 3.75591617e-05 1.06098420e+00 2.47998274e+00 -27.015187377643752 -512.5871825294088 -12.89481500341484
3.3700132135486164e-243 552.111294458438 4.15313720e-01 2.12877881e-02 7.83441528e-01 -2.66899581e-04 2.53994096e+00 1.59595466e+00 -11.32352735685727 -530.5527718532086 -10.574751912665198
4.405381012266043e-243 551.8888769444712 2.79682194e-01 2.35054174e-02 5.05680066e-01 5.49203889e-04 2.07354987e+00 1.63164237e+00 -27.346826508017045 -523.4976101864036 -1.2668577640173193
6.845897765925602e-243 551.2944087460261 4.97288049e-01 2.22515339e-02 6.05784434e-01 -8.08982176e-04 2.61356139e+00 1.55612024e+00 -33.87446468253603 -512.8006483856944 -5.213763876240673
9.642292223298897e-243 551.1148553405777 2.50858307e-01 2.31338845e-02 5.18997847e-01 7.84755834e-04 1.84078266e+00 2.56779484e+00 -10.300205749956614 -540.8675301913713 -0.12667280469817654
1.0735468664794687e-242 551.0622869396522 1.91662163e-01 2.27796096e-02 6.22044885e-01 -6.90087126e-04 4.99597305e+00 2.33561628e+00 -33.80588572884294 -514.3771672417929 -2.9318023699419675
1.1087724293066201e-242 551.0397455264846 2.19579776e-01 2.01422724e-02 8.88645056e-01 -1.71786325e-04 1.68654199e+00 1.50413347e+00 -22.26249089472167 -527.436358441011 -1.363437603919596
1.3047067256563987e-242 550.7479467648149 4.65529652e-01 2.33127942e-02 6.69815276e-01 -1.76761331e-04 2.18007434e+00 2.82452296e+00 -21.8479669107892 -520.8603494951825 -8.331429120512919
1.603025657111495e-242 550.6020467113677 3.88346570e-01 2.26608836e-02 4.81257207e-01 3.87321522e-04 1.94459019e+00 2.76470487e+00 -12.386607079359349 -534.4121031026008 -3.949236582854731
1.8493749904821504e-242 550.4523425769305 1.64375688e-01 2.14626604e-02 7.57024905e-01 -1.50663362e-05 1.69845386e+00 2.93938631e+00 -29.126048006143993 -520.5054604594112 -0.9705382458125875
2.198928293991075e-242 550.2504065578781 2.60123581e-01 2.02750100e-02 5.38416148e-01 -1.12791628e-05 1.80699071e+00 1.79691486e+00 -12.940392111497983 -536.7779537803134 -0.7339966851190645
2.512013818164818e-242 550.1676717115572 3.13586275e-01 2.41564646e-02 8.51795911e-01 -6.07301255e-04 2.31954465e+00 1.25529274e+00 -28.797414491497452 -514.2578361012995 -7.195155965081161
2.6883947934473096e-242 550.1040145176165 3.56537043e-01 2.44575264e-02 7.64854004e-01 6.16087618e-04 1.02849266e+00 1.21845337e+00 -26.95708819709424 -512.4249482336297 -10.78563528083322
2.7660263702435253e-242 550.0997533144732 3.94043638e-01 2.48679768e-02 6.19049035e-01 4.86876274e-04 1.27331235e+00 2.17032808e+00 -17.42663591544411 -518.6378349416204 -14.039543660551981
2.7700505833810665e-242 550.091145788905 1.64765074e-01 2.15828970e-02 6.98176090e-01 8.95936543e-04 2.68071281e+00 1.90208552e+00 -7.920411664637013 -523.0135288573218 -19.165812792514437
2.7812687634335484e-242 550.0816987563935 1.74817621e-01 2.35611749e-02 7.48421566e-01 1.06033286e-04 3.17344321e+00 1.62541768e+00 -15.374144217562936 -534.2655388618962 -0.4514627094458628
3.149481531421762e-242 549.8463075237078 2.36223074e-01 2.44057967e-02 5.96587100e-01 6.07734952e-04 3.67494797e+00 2.43611609e+00 -11.977505360027859 -532.4916697814801 -5.612523614885492
5.078014715864936e-242 549.2039635768953 3.76889421e-01 2.28566500e-02 8.14548553e-01 7.30435651e-04 4.38555139e+00 2.49867551e+00 -19.498813223012508 -516.897527937676 -13.449966363019271
7.016642251483228e-242 549.0913471893646 4.56527942e-01 2.19815485e-02 5.32553049e-01 2.37740512e-04 1.16556583e+00 2.83498667e+00 -29.067214003989857 -518.4827248416954 -1.6540247312100234
7.440527435292168e-242 549.0735845394986 4.81178686e-01 2.19551883e-02 5.68259490e-01 -1.91182624e-04 2.27089338e+00 2.30527555e+00 -14.35397773708292 -534.7338757917793 -0.003493660502396001
8.705951498619684e-242 548.7875478562844 4.23075446e-01 2.36826494e-02 5.31851516e-01 7.94613369e-04 3.52784621e+00 1.51124787e+00 -10.621419604360112 -538.4422392374458 -0.009925697692648677
9.995011752356816e-242 548.7671698326 3.49443095e-01 2.37633693e-02 8.14584674e-01 7.51286286e-04 2.35561348e+00 2.84556942e+00 -15.674937308608545 -526.5804669263971 -6.532143621278811
1.1679251990992063e-241 548.4857479538963 4.55092502e-01 2.14976373e-02 5.26106448e-01 -1.24682325e-04 1.30095268e+00 2.93390884e+00 -25.354913695493913 -516.2304587545851 -7.1817973825209815
1.3467900127978705e-241 548.4527422033271 4.44591477e-01 2.25567419e-02 7.14914611e-01 4.61490922e-04 3.70317492e+00 2.06669096e+00 -15.943409098509274 -531.8975779080174 -0.644760947369591
1.4184442669794561e-241 548.3734005182429 4.48494713e-01 2.29062401e-02 7.04544053e-01 -2.20281100e-04 3.92861866e+00 2.08780740e+00 -16.826291587342862 -530.9457042644875 -0.6807463514967333
1.4757434499358578e-241 548.362023690499 2.40988490e-01 2.03785217e-02 8.96207961e-01 8.46142252e-04 4.79172136e+00 2.62648604e+00 -15.63843005296816 -530.8790597019089 -1.8559107633658456
1.8392957339892773e-241 547.9625781595428 3.51791814e-01 2.00787314e-02 5.17174703e-01 1.56560739e-04 2.01803864e+00 2.46993104e+00 -25.788924918166188 -516.2062485388035 -6.3668502335293
2.2234688047241536e-241 547.9332651223262 2.17897077e-01 2.41025352e-02 8.30238301e-01 -7.00896073e-04 9.94980550e-01 2.65656271e+00 -23.76007046043548 -515.2976781957774 -8.904829503329873
2.2601048246884443e-241 547.9197485572072 3.05269554e-01 2.49385890e-02 5.83322851e-01 9.66371923e-05 1.88444637e+00 2.84133970e+00 -12.699854007871448 -524.9854128376646 -10.247998276790158
