0.0 15411.207538165974 0.15635069 0.02196156 0.73986631 0.11130485 0.90044985 -4.87294022 -1.31346578 -0.82195145 -0.08934163 0.17973019 -0.07873904 0.63980288 -0.98026531 -70.77453573267334 -928.6547194718091 -177.5158232087261 -21.216430664058933 -17.6248779296875 -0.046765536135755334 -0.5973232096419464 -2.0 -1.1570975485105588
0.0 6825.806481176802 0.12773182 0.02224773 0.46717874 0.38175076 0.75733953 -1.92725486 0.22442227 -4.95332982 0.27478176 0.21537302 -0.43977605 0.559234 0.08810205 -3618.8935337258436 -2451.6427888448134 -9307.969161320349 -8.305644951720767 -15.888338453595377 -2.0 -4.5 -2.0 -0.008070869653979474
0.0 6706.2955601395515 0.2183872 0.02093299 0.69062019 0.81321539 0.53577043 -3.07727757 -3.3754583 -2.0063436 0.03374524 0.74844439 -0.79635878 0.53116115 -0.80904554 -741.4356281608099 -2197.527593494054 -3829.2906613698024 -21.991699218758935 -26.9383544921875 -2.0 -4.5 -2.0 -0.12254444118812105
0.0 6309.510750208807 0.45102103 0.02355388 0.71412266 0.80194145 0.3835974 -2.73489949 0.58582041 -4.88976798 -0.23341305 -0.67664692 -0.26142946 -0.4522139 0.83318326 -1235.8649517764125 -2034.1155658906475 -3394.689236596988 -10.527621177714442 -19.806138370942882 -2.0 -4.5 -2.0 -2.7920463268462177
0.0 5896.6217188903465 0.23896867 0.02053037 0.74417699 0.964039 -0.19994015 -1.70335328 0.96086244 -4.41190157 -0.67130493 -0.18400609 0.26759211 0.0551455 0.93048657 -1609.6303288269855 -2136.8763617036698 -2501.799764160491 -21.991699218758935 -26.9383544921875 -0.25644367053287476 -4.458264632727845 -2.0 -5.559533503453439
0.0 5157.187793469923 0.10431322 0.02170091 0.46958389 -4.72491453 -2.54693227 -1.4875747 -1.90677858 0.39654199 0.34235423 -0.11963224 -0.50656467 -0.84741051 0.48570156 -898.2370082910704 -1970.566440327872 -2965.1448411753986 -21.991699218758935 -26.9383544921875 -2.0 -4.5 -2.0 -5.243375385058192
0.0 4979.6614533068105 0.27179578 0.02412279 0.61811228 0.57382611 0.62101822 -2.23386621 -0.3647179 -0.23475751 0.66734378 0.85194823 -0.81043598 0.88794007 0.20444584 -151.6811140191965 -2713.492734522596 -2244.4320464669286 -21.216430664058933 -17.6248779296875 -2.0 -4.5 -2.0 -0.24058986745565525
0.0 4518.635221241636 0.24421314 0.0221932 0.82243877 0.27059568 -0.40373539 -4.87184271 -2.03436889 -1.49475037 0.67380968 0.97156862 -0.09286335 -0.8963723 -0.81546887 -912.0753310153117 -1886.9318308707216 -2113.5029757771235 -21.991699218758935 -26.9383544921875 -1.0948072741785817 -4.678114112128758 -2.0 -10.44834054639855
0.0 4353.183798393639 0.2864557 0.02390116 0.83215751 0.75620456 -0.10608858 -1.39895129 0.35303665 -3.42742479 -0.11109985 -0.14338492 -0.94625397 -0.84212422 0.67976738 -709.6250495186946 -1506.3957642104165 -2266.7260782296403 -9.366824887387983 -17.950616376374345 -2.0 -4.5 -2.0 -0.07088801912216718
0.0 4312.109859910629 0.40555629 0.02382172 0.89609287 0.77181162 0.12722622 -3.19828375 -3.91226748 -4.09248489 -0.73375005 0.84350212 0.56850381 0.74476685 0.40651099 -817.1872205397724 -1564.9703323197027 -1905.234289673831 -21.991699218758935 -26.9383544921875 -2.0 -4.5 -2.0 -8.361902149387097
0.0 4165.960343497157 0.15830331 0.02014425 0.73622349 -1.24430142 0.38072083 -4.70245087 0.90167397 -1.49939155 0.45103412 -0.93370082 -0.34821831 -0.0936034 -0.95324055 -1073.5997447769003 -1533.9750302285527 -1639.434407181262 -21.991699218758935 -26.9383544921875 -2.0 -4.5 -2.0 -7.67062401296746
0.0 4131.190444596273 0.18064123 0.02205587 0.4181257 -4.70794438 -3.24376047 -3.18930461 -2.15072863 -1.6303527 0.84220725 0.96189456 -0.64132094 0.44770945 0.0440204 -598.8357188433898 -1163.2600093358553 -2368.0480710940474 -7.243406498394451 -11.759291701516418 -2.0 -4.5 -2.0 -8.313846023953827
0.0 4088.4686202729267 0.29911757 0.0204423 0.86034229 0.18268682 -0.2666463 -4.63764337 -1.63819171 0.065683 0.94460162 0.26042178 0.67713499 0.82262283 0.43950596 -131.97832355195746 -1541.0178866148822 -2410.849885586666 -21.216430664058933 -17.6248779296875 -2.0 -4.5 -2.0 -0.0030402490210145734
0.0 3900.4106928825486 0.16875683 0.02272378 0.66775775 -0.33440751 0.13390417 -4.60721756 -1.63505596 -1.04054628 -0.6493918 0.6729533 -0.50740329 -0.5646588 0.21769713 -729.4725521032708 -1397.1412787242768 -1904.838225290159 -16.192169597834997 -26.442672248900898 -2.0 -4.5 -2.0 -5.881722308484244
0.0 3817.619664666061 0.45708999 0.02471391 0.61697936 0.4491801 0.84689964 -3.44917504 -2.08426855 0.57470676 0.26802853 0.17891302 0.10762364 0.43476813 0.02433416 -439.3595419879762 -1355.49705425813 -2074.3168428407234 -12.656616210958935 -8.910269853299983 -2.0 -4.5 -2.0 -1.1703677314597434
0.0 3786.097697748753 0.11038283 0.02014307 0.81613628 -4.72224547 -4.92628096 0.89691195 -3.50920206 0.21343355 0.685299 -0.71339772 0.74661186 -0.23959757 -0.08969364 -849.6104863533166 -1723.366469901015 -1185.2165056167398 -14.445585309633259 -24.698557404597615 -0.5933150649350601 -0.5405044986212239 -2.0 -17.148240517202698
0.0 3745.3705147225564 0.18258365 0.0213158 0.40663272 -4.00873555 -2.73250461 -3.17284889 -4.65719031 -2.86131878 0.08517246 0.09738864 -0.33529367 -0.04773872 0.96015292 -62.75978225259374 -3063.9201820684693 -611.7136252824963 -21.216430664058933 -15.20949039502794 -0.037008354135671814 -0.9168091370700798 -2.0 -8.32436959490141
0.0 3719.3912322707406 0.10255347 0.02250456 0.57296654 -4.00203435 -3.86260931 -2.19699703 0.8291974 -4.37240558 -0.09607672 0.47339784 0.85315085 0.99740905 -0.75334874 -132.78367947390234 -1402.5595218898184 -2161.5142177902 -21.216430664058933 -17.6248779296875 -2.0 -4.5 -2.0 -1.171786974889343
0.0 3695.4053708527363 0.24220819 0.02409826 0.40581369 -4.08337304 -4.08687818 -0.65704661 -1.17686694 0.16408143 -0.28489804 0.45770753 -0.77132055 -0.14507084 -0.39748936 -117.60555552468666 -2453.3678879791473 -1103.266324767783 -21.216430664058933 -17.6248779296875 -0.9039711380242015 -2.8513576920790404 -2.0 -0.5548265752737407
0.0 3453.8501675251114 0.14093596 0.02387447 0.48278387 -3.45101031 -1.97593367 0.73687206 -2.78585133 -2.43520436 -0.38519181 0.95249992 0.69489845 0.29381418 0.72011095 -115.27220601069149 -1128.2066985419547 -2394.379227050403 -21.216430664058933 -17.6248779296875 -2.0 -4.5 -2.0 -10.20593065594017
0.0 3444.0628864953915 0.23185126 0.02118157 0.52593004 0.97376738 -0.68999921 -4.13253538 -2.7075309 -3.95400257 0.80380158 0.91714584 -0.15728823 0.377901 0.74767232 -121.09443111447801 -1772.560281395501 -1504.7277971287672 -21.216430664058933 -17.6248779296875 -2.0 -4.5 -2.0 -8.126349292618798
0.0 3309.937495610626 0.21074174 0.02470333 0.45905985 -4.71833132 -3.74668825 -4.46167914 -0.11499326 -1.53274035 0.90387243 -0.57331004 0.99333177 -0.62426272 -0.63560948 -202.88271367664413 -1801.3891629893249 -1406.945905855389 -12.656616210958935 -10.71365923430098 -1.2090663683035534 -4.604688645314652 -2.0 -1.6610735151553437
0.0 3247.295249869652 2.07350268e-01 2.02916086e-02 4.22486902e-01 -4.84262955e+00 -1.01061497e+00 -1.87259100e+00 -1.12848226e+00 -4.56268415e+00 9.12688436e-01 -7.33041803e-01 -4.26102626e-01 -4.56486407e-03 8.37131886e-01 -104.36158360901828 -1255.4168667511092 -1885.803914337745 -21.216430664058933 -17.6248779296875 -2.0 -4.5 -2.0 -17.01382231900698
0.0 3235.0011653162333 0.10483934 0.02258625 0.79652058 -4.69474117 -2.3630978 -0.19824123 -0.55665731 -4.33572147 -0.99157634 0.23428613 0.45469381 0.44152615 -0.65612072 -116.77140345794106 -1194.6470538699298 -1881.4765591875941 -21.216430664058933 -17.6248779296875 -2.0 -4.5 -2.0 -7.058924760440567
0.0 3169.395294836263 1.16746495e-01 2.09079391e-02 7.11453345e-01 -4.76262101e+00 -1.89788704e+00 -2.50081599e+00 -4.85910169e+00 4.73902723e-03 2.11283342e-01 6.69480196e-01 -7.35991423e-01 -2.60324713e-01 -9.41936999e-01 -64.28919880433766 -2636.049633698183 -492.8227491271122 -21.216430664058933 -17.623731442082246 -0.1737401806997367 -0.0680392242897857 -2.0 -0.7576421754701793
0.0 3152.8108430773177 0.16782881 0.02250932 0.42528111 -3.75101208 -2.28096228 -3.9685768 -2.81713144 -1.57182355 0.23767586 0.46532722 -0.51625187 0.69782482 -0.5312659 -75.25634568467052 -2391.7821503982914 -656.6998966825658 -21.216430664058933 -17.6248779296875 -0.1562611654535625 -1.7371221279447249 -2.0 -2.9222101835910017
0.0 3144.2186217966114 0.24510275 0.0223133 0.47271319 -4.80380004 -4.93339317 0.70904277 -0.50086083 0.13279763 0.08794757 -0.3868612 0.34557935 0.47427336 0.12452331 -127.29804472092611 -1319.3586125363638 -1658.247103231329 -21.216430664058933 -17.6248779296875 -2.0 -4.5 -2.0 -0.5657739949524685
0.0 3107.859845367067 0.44205517 0.02214408 0.42668354 -0.45064787 0.99456484 -4.67716284 0.31278633 -0.08061058 0.68877746 0.48568375 0.1317151 -0.39294331 -0.54169159 -91.477896278868 -1194.5075365795099 -1810.6886074226886 -21.216430664058933 -17.6248779296875 -2.0 -4.5 -2.0 -0.20327292179853004
0.0 3101.926528356464 0.13530396 0.02095511 0.5499234 -4.38050071 -1.67247447 -1.58976382 -2.62079498 -4.31141984 -0.16775723 -0.85041833 0.06721801 0.29361226 -0.32327904 -422.5820142788664 -1711.3514225632352 -947.8145086595785 -8.294730976693192 -9.280788772071842 -2.0 -4.5 -2.0 -0.03638011662188058
0.0 3098.608953014768 0.18888745 0.02331674 0.43461078 -4.7219989 0.58221725 0.15032762 0.39228142 -1.34254615 -0.04054556 0.87444031 0.61405294 0.18108987 -0.45127622 -103.50865514487633 -1864.505454282202 -1083.8915458873255 -21.216430664058933 -17.6248779296875 -2.0 -4.5 -2.0 -2.6795644483139034
0.0 3076.242828024967 0.11724638 0.02050803 0.42863948 -4.95913174 0.67320136 -4.15592314 -2.3441632 -0.49565893 -0.12799179 -0.73587473 -0.76581558 -0.49507378 -0.86114396 -106.07522198607101 -1206.8202445530794 -1735.668980028091 -21.216430664058933 -16.35467444285236 -2.0 -4.5 -2.0 -3.9734013406155375
0.0 3018.8584390125416 0.19472938 0.02097958 0.52031666 -4.57913112 -4.21069342 -2.79576972 -2.48048325 -0.03750361 -0.57975376 0.27158904 0.47437105 -0.62539369 -0.35579283 -130.2407548682571 -1569.4524140054018 -1323.8065164195307 -21.216430664058933 -17.6248779296875 -2.0 -4.5 -2.0 -5.401834138030411
0.0 3006.3352450931807 0.26213806 0.02230742 0.88535802 0.52112471 -0.40775703 -2.28822249 -2.61949601 -4.96877472 0.8043729 0.87196404 0.14555429 -0.04596554 0.86711029 -90.95797085498126 -1479.0471727635033 -1398.954162534685 -21.216430664058933 -17.6248779296875 -2.0 -4.5 -2.0 -2.557824265625555
0.0 3002.403965778427 0.18773122 0.02470547 0.6423743 0.4035575 -0.49455516 -3.1186785 -0.60010033 -1.72319929 0.99022275 0.83479059 0.35248343 -0.08064315 -0.35193404 -425.6852014065281 -1157.2092163859306 -1369.683844852695 -18.123425569732266 -26.9383544921875 -2.0 -4.5 -2.0 -0.19520238610720753
0.0 2982.247922970465 0.32542521 0.02497819 0.75836125 -0.20624083 -0.22384178 -4.9132468 -1.67358552 -3.15181562 -0.39528166 -0.1246173 -0.75103334 -0.9498691 0.62040527 -213.5581600091855 -1358.5744102617152 -1387.0272683789499 -8.583964738692856 -9.119156507601744 -2.0 -4.5 -2.0 -17.041005882281187
0.0 2981.3759926102252 0.17356683 0.02401733 0.64886652 -0.88372522 0.72086743 -3.42919464 -0.66172321 -0.73982089 -0.61486223 -0.78934956 0.70363755 -0.48240345 0.87809569 -467.0620141375578 -1283.9158369249396 -1172.8023340073653 -10.39429813083107 -19.611484692055747 -1.089321778577525 -4.694695997790006 -2.0 -20.677937301348038
0.0 2923.2894357181426 0.16648456 0.02223271 0.52348277 -4.03075368 -2.01407514 -0.36611059 -1.2817076 -0.24094083 -0.33122348 -0.56393661 0.28717664 -0.39226471 -0.58560345 -396.4761930280139 -1117.2613520050666 -1427.4828665117698 -7.72478469018065 -14.37823826470393 -2.0 -4.625981696260927 -2.0 -9.426576414229208
0.0 2897.469551101829 0.12377487 0.02125552 0.79151101 -4.15930777 -4.59473579 -2.24944013 -0.95876583 0.51503968 -0.65992447 0.4663042 -0.61118114 -0.09744622 -0.59029128 -97.37124040970686 -1552.5092217642857 -1225.9607525648246 -21.216430664058933 -17.6248779296875 -2.0 -4.5 -2.0 -0.10691238557893433
0.0 2862.390378186977 0.16364127 0.02386188 0.48677721 -4.54217546 -1.23012455 -4.74529701 -3.52317007 -2.63746036 -0.64219164 0.63427784 -0.72922069 -0.28325188 0.46834217 -54.6857299023532 -2357.166697789795 -446.0353650615365 -21.216430664058933 -14.797295285674874 -0.1295864942623405 -0.05747121148200511 -2.0 -1.380974692666178
0.0 2829.286901933144 0.21060872 0.02324272 0.47539823 -4.8947055 0.97893451 -0.01055767 -3.43716878 0.59522966 0.7827418 -0.75147321 -0.75097575 -0.84604691 0.8968756 -106.60823995600906 -1377.761882677631 -1322.6626130160162 -21.216430664058933 -17.6248779296875 -2.0 -4.5 -2.0 -8.016333943574288
0.0 2728.497711954493 0.30459661 0.02060717 0.76434095 0.93227218 -0.13737544 -0.16111513 -1.36082131 -4.7581093 0.90346481 0.58438479 -0.58768087 -0.84045341 -0.15630737 -86.70088312945175 -1169.1750042782144 -1522.5369801374266 -21.216430664058933 -17.6248779296875 -2.0 -4.5 -2.0 -3.532725794304431
0.0 2700.594781130298 0.11157233 0.0227519 0.57358491 0.15860381 -0.61135453 -3.65113506 -1.19067947 -0.29476645 0.01616342 -0.74327576 0.30800959 0.29013758 0.91400876 -417.79861000698975 -1243.7213476038828 -1004.8310306732634 -21.991699218758935 -26.9383544921875 -2.0 -4.5 -2.0 -4.7166699594105825
0.0 2695.503880929507 0.39163203 0.02422828 0.4151653 -4.94140368 -4.46615738 -3.27886027 -2.06603811 -0.55140236 0.65460148 0.67774678 0.80678779 -0.75165413 0.82430177 -106.82848969229508 -1147.3992863962594 -1412.7840848903925 -12.656616210958935 -11.1605224609375 -2.0 -4.5 -2.0 -1.265781479454636
0.0 2694.5327136045003 0.1213328 0.0210493 0.80173676 -3.80115835 -2.89365958 0.96743584 -0.65060868 -1.26331513 -0.56274878 -0.27739827 0.3692275 0.38092673 0.57423625 -76.31753330600498 -668.220416819269 -1892.1016579553852 -21.216430664058933 -17.6248779296875 -2.0 -4.5 -2.0 -11.5229642551017
0.0 2687.3014902399914 0.18413826 0.02383249 0.73103952 0.51223469 0.34113201 0.66954756 -0.73874392 0.07994589 0.71511215 0.97647993 -0.33795637 -0.22927793 -0.25394493 -52.00877821249549 -2254.647601389044 -347.19159701932386 -21.216430664058933 -14.32066950543451 -0.5777791125572279 -0.3433709408126953 -2.0 -2.226486760773197
0.0 2682.0999085440435 0.13831915 0.0241609 0.44625689 -2.45203904 -1.04175607 0.62255741 -4.97850414 -1.93285331 -0.60706134 -0.80631605 0.31454751 0.9316011 0.50479665 -641.407293189113 -997.4458057984808 -983.2557785325247 -21.991699218758935 -26.9383544921875 -2.0 -4.5 -2.0 -7.762559008925957
0.0 2657.783650511493 0.12430195 0.02474756 0.71296633 -1.0569228 0.56082778 -1.80914888 0.56836174 -4.90697669 0.77470787 -0.00956493 -0.67386398 -0.19872506 0.69584322 -123.00638502883535 -1372.9590182199595 -1127.9627321721553 -21.216430664058933 -17.6248779296875 -2.0 -4.5 -2.0 -10.830464529346854
0.0 2644.5914362038793 0.19639826 0.02334391 0.42037406 -2.05956102 -4.68265399 -3.56679233 -2.67329293 0.73075764 -0.31952637 0.70544859 0.72296368 0.51583266 -0.74703062 -303.3821110250638 -892.630942538008 -1386.7611356492757 -21.991699218758935 -26.9383544921875 -2.0 -4.5 -2.0 -17.579407588199043
0.0 2622.337112694992 0.29458127 0.02314914 0.61369472 0.21498472 0.5747536 -1.51037845 -1.30075126 -2.32253056 0.64911009 0.77546542 -0.21846537 0.01803075 0.50865039 -115.94853285222378 -1086.8904729791593 -1390.2695230961724 -21.216430664058933 -17.6248779296875 -2.0 -4.5 -2.0 -4.141598682577717
0.0 2615.685407291303 0.34875248 0.02375374 0.43063397 -4.64108451 -1.16212203 0.5441141 -4.44598967 -0.68002317 0.58369138 0.88039081 0.96573145 0.30069848 -0.52975466 -405.2459498599364 -1312.801366335201 -846.0573064186281 -21.991699218758935 -26.9383544921875 -0.23062020158416016 -4.059161248947034 -2.0 -3.0126549197484094
0.0 2615.36495187459 0.30973712 0.02209765 0.84193915 -0.37469437 0.98441455 -1.25125644 -4.21646614 -4.63475329 0.74634564 0.77436856 0.14303835 -0.96663515 -0.45452552 -77.97191723553375 -732.5288627903686 -1750.740650479921 -21.216430664058933 -17.6248779296875 -2.0 -4.5 -2.0 -7.102668191733473
0.0 2599.9458140580714 0.17371328 0.0234541 0.42505097 -2.93225873 -3.06328211 -4.90849082 -3.50704274 -2.76031424 0.48390806 0.97883552 -0.54033155 -0.76755808 -0.04274397 -918.0152822294368 -902.230370127574 -737.7302630633944 -21.991699218758935 -26.9383544921875 -2.0 -4.444736090697684 -2.0 -0.014246652540934617
0.0 2594.8336470013087 0.16196387 0.02056748 0.52673795 -3.28976131 -4.10465194 -4.96311914 -4.52340831 -1.71655667 0.88275003 0.46878507 0.03936021 -0.79874324 0.03465872 -121.2284709761684 -1113.3764538339665 -1313.1398345764853 -21.216430664058933 -17.6248779296875 -2.0 -4.5 -2.0 -4.859746077705091
0.0 2591.2948537799216 0.39444454 0.02351532 0.40893091 -4.67454223 -1.29654329 -0.4761633 -4.66438563 -3.57757366 0.25165076 -0.30277961 0.71013878 0.16683193 -0.20559627 -96.41007094527778 -1486.029106225379 -960.0678016990212 -21.216430664058933 -17.6248779296875 -2.0 -4.5 -2.0 -4.985359537883854
0.0 2577.147081648636 0.11822871 0.02331589 0.75780051 -4.03714556 -2.6003221 -2.13552159 -1.85068439 -3.91052523 -0.34351443 -0.36723525 -0.31542007 -0.41084728 0.81573786 -76.94100781420777 -644.9109771462589 -1816.8180297996753 -21.216430664058933 -17.6248779296875 -2.0 -4.5 -2.0 -5.283530426033453
0.0 2560.249601352454 0.13959465 0.02300153 0.84369722 -4.90597164 -4.35008743 -3.89268965 -0.72953324 -2.37586169 0.37846973 -0.18492811 -0.68069162 -0.66801688 0.89249865 -59.95156296158488 -2075.678022790767 -396.576399910711 -21.216430664058933 -17.6248779296875 -0.1316011037037804 -3.4549129650742423e-05 -2.0 -3.968151738993015
0.0 2545.575978279612 0.1343771 0.02187576 0.57426473 -4.61902549 -1.66143423 -4.68260358 0.35523778 0.80030325 0.0189121 -0.18713518 0.10269567 0.33171638 0.30559065 -38.35656877261448 -2103.0008862556956 -385.39879512591835 -17.235761726394855 -11.405049304143198 -9.350833728316299e-05 -0.5759857884396752 -2.0 -2.2764608709103977
0.0 2486.8042121702892 0.1089558 0.02250009 0.84487613 -4.78390745 0.36605821 -1.34450426 -4.26497404 0.56739719 0.55003755 0.97029441 -0.30454475 -0.82206343 0.16189112 -92.31688512066053 -1629.8868162050771 -775.9818059860116 -21.216430664058933 -17.6248779296875 -2.0 -4.5 -2.0 -0.049162374116247715
0.0 2467.7290009109547 0.15618513 0.02375931 0.69134684 -4.54633979 -1.75257231 0.04860774 0.15892422 -1.37652129 0.77596922 0.92296294 -0.3418848 -0.91276708 -0.61530696 -40.441780195133845 -2167.275698988528 -239.484360476701 -21.04431166976101 -15.01097740368611 -0.6139387753131644 -0.3885174187250958 -2.0 -0.5446272424405009
0.0 2466.034016081659 0.27366858 0.02172015 0.49433067 -4.85686852 -2.24129533 -0.75789536 -3.4960309 -2.02203693 0.0462158 0.25881381 0.08142205 -0.78416631 0.63408301 -57.78743149623828 -1724.306397052903 -634.6020235743317 -21.216430664058933 -16.201046397960944 -1.4571027447802656 -3.0101418485521307 -2.0 -7.148427132128985
0.0 2457.281344598795 0.1182435 0.02279856 0.64101703 -2.55887799 -3.82136873 -0.56754844 0.77149741 0.33484029 0.38990312 -0.20755158 -0.13162094 0.70786364 -0.93173286 -74.07196259283509 -976.7036781757408 -1367.864676158265 -21.216430664058933 -17.464809237163145 -2.0 -4.5 -2.0 -0.21245925359655518
0.0 2439.975807535682 0.15717323 0.02404889 0.41877523 -1.61331939 -4.8294088 -4.93801365 -4.06782668 -1.19748139 -0.91313077 -0.31923096 0.64769801 0.40380647 -0.90314667 -84.1349506089097 -1856.9584665203454 -473.5625266685835 -21.216430664058933 -17.6248779296875 -0.17751001375935901 -0.17426040351821015 -2.0 -1.4323217899324925
0.0 2436.0853431048863 0.41650697 0.02324066 0.52528796 0.41300561 0.63761572 -0.46324567 0.86050283 -4.42893745 0.14595041 -0.01599334 -0.50265275 -0.46767835 -0.43450356 -127.53905692558936 -1154.858349984799 -1100.5102293315276 -21.216430664058933 -17.6248779296875 -2.0 -4.5 -2.0 -9.72686270002009
0.0 2433.4004220122547 0.17679125 0.02116626 0.40236478 -3.45836973 -0.46294423 -2.95713289 -2.69114894 0.63848389 -0.34437141 0.57078512 -0.29106674 -0.04373887 -0.56597533 -416.55995908238555 -1461.4648493949078 -501.45510335342203 -21.991699218758935 -26.9383544921875 -2.0 -0.154573891275156 -2.0 -3.5208036719490057
0.0 2410.3637811159592 0.18043273 0.02465777 0.41601382 -3.77642048 -0.74130586 -4.44318656 -2.29821306 -2.28632673 -0.61959795 -0.46423945 -0.66687139 -0.68501275 0.33238439 -121.23484638426797 -995.4865909776954 -1267.6153769125303 -21.216430664058933 -17.6248779296875 -2.0 -4.5 -2.0 -1.7222991440143245
0.0 2389.296229224428 0.25131333 0.02364314 0.53654024 -4.85481901 -2.70460207 -1.12535266 -1.10618506 -2.96167487 0.44685552 -0.02584369 -0.87005131 -0.77844215 0.06157755 -114.79583541178172 -961.1826218430649 -1270.603074327848 -21.216430664058933 -17.6248779296875 -2.0 -4.5 -2.0 -16.440940939517976
0.0 2374.7350711269064 0.10507158 0.02303572 0.50246765 0.68670873 -1.68541785 -4.18537353 -1.51341403 -3.15971401 -0.28748889 0.06963368 0.80170901 -0.20614297 -0.00481362 -66.76339552087863 -1068.502061285243 -1201.1674500762529 -21.216430664058933 -16.921508193961927 -2.0 -4.5 -2.0 -6.225383484032385
0.0 2364.5464064842013 0.1177781 0.02306737 0.70362712 -4.84504074 0.69092189 -1.28500326 -2.42644554 -1.23215032 0.58303576 -0.15592133 -0.36844402 -0.47351237 0.13126391 -85.43984526259355 -1180.9788090951251 -1082.7579230900064 -7.495951591698568 -7.124734029715514 -2.0 -4.5 -2.0 -2.4378080577677554
0.0 2359.8714396123023 0.14387372 0.02165157 0.86844863 -1.51993579 0.90839972 -2.27182452 -1.20161811 -2.06246596 0.29483897 0.74394636 -0.20924289 0.16334426 -0.67222779 -54.83698011600288 -1846.8652834340696 -417.87167709638675 -21.216430664058933 -17.6248779296875 -0.18121631972332772 -1.3578187702959692 -2.0 -2.5921221539760158
0.0 2348.206270877436 0.23151054 0.02179677 0.47060771 -4.49687132 0.57653518 -1.67720561 -3.79380764 0.12517998 -0.16689133 -0.92670392 0.79265832 -0.55979926 0.09201897 -442.00635709777777 -713.6316226759634 -1146.4826558332807 -21.991699218758935 -26.9383544921875 -2.0 -4.5 -2.0 -0.32075029433435726
0.0 2343.8114031399223 0.18684989 0.02158499 0.86994405 0.76716934 -0.74394535 -1.72812695 -2.67403347 0.83422548 -0.81313618 -0.62815542 -0.65675697 -0.43093831 0.71058306 -82.21210757985804 -973.9587604357633 -1244.5763467731938 -21.216430664058933 -17.6248779296875 -2.0 -4.5 -2.0 -0.11774749487429131
0.0 2316.9215915728405 0.1464671 0.02236691 0.4010228 -0.27218886 0.88791193 -2.95487233 -2.70603242 0.22703072 0.03402446 0.60576882 -0.54580044 0.57183082 0.70772504 -184.8864968545236 -921.3370035349913 -1196.4985385854327 -11.273242145438456 -20.86897114027363 -2.0 -4.5 -2.0 -0.44715087926312275
0.0 2316.6140535819463 0.27438653 0.02333487 0.46700309 -3.66066394 -3.45253589 -4.57234214 -4.09924558 -1.27747872 -0.37197333 -0.20418846 -0.70771232 -0.29000683 0.8404462 -134.16876214331276 -1294.433250870541 -860.394693949992 -12.656616210958935 -11.1605224609375 -0.035200563235270176 -1.7881785607437923 -2.0 -0.28436681311902723
0.0 2313.3868107086087 0.15033754 0.02238961 0.75062024 -4.79846966 -2.85182479 -3.47452632 -1.00950023 -4.37537157 -0.80808352 0.2733991 0.57226071 0.28622179 0.20689037 -79.08636157267992 -865.78273396502 -1320.3184074739395 -21.216430664058933 -17.6248779296875 -2.0 -4.5 -2.0 -4.085241976560831
0.0 2310.2117809410174 0.12327833 0.02413405 0.86913276 -2.71733092 -3.01531845 0.46866572 -4.2834308 -0.05792129 0.82009663 0.20405385 -0.23488328 0.32847202 -0.71045312 -47.647505212904335 -1772.9428130670567 -453.40055068565243 -21.216430664058933 -13.701353748802081 -0.37933504261950385 -1.7760197750100977 -2.0 -0.32280251250441133
0.0 2306.8978329760457 0.21286294 0.02387488 0.49941783 -3.69087153 -1.26701211 -1.56128162 -3.48072853 -2.14578887 -0.073309 -0.37690396 0.74069723 -0.17941089 0.82375829 -38.3474989087362 -2035.8053575772472 -184.7025520610231 -19.99584924227145 -12.964109050918626 -2.0 -3.835870685970486 -2.0 -10.560543414850208
0.0 2293.0042945693353 0.12451791 0.02146013 0.54196784 -0.96017865 0.74268496 -2.16393858 -0.38538789 -3.87216865 0.3299723 0.79665801 0.02066573 0.00601566 -0.14009448 -83.46247438203282 -1063.6777769829669 -1104.2863322432502 -21.216430664058933 -17.6248779296875 -2.0 -4.5 -2.0 -8.129940774049906
0.0 2241.3019937322442 0.40101521 0.02266422 0.74194981 0.21069509 -0.42248412 -3.32599695 -0.89442453 -4.0444828 0.26264763 -0.19358161 0.73621724 0.22622174 -0.28255362 -175.07169627076644 -976.5939233410396 -1082.9959189353879 -21.991699218758935 -26.9383544921875 -2.0 -4.6720296091187565 -2.0 -0.7406727020763451
0.0 2235.189079787135 0.25119276 0.02332008 0.40812277 -1.92105831 -3.56199233 -2.55620537 -4.19596628 -3.99617511 -0.20636561 -0.59157694 -0.67326516 0.11404713 -0.62375928 -290.12547994803634 -1195.2306655966725 -704.7736168897518 -16.566855626542036 -26.800326300216152 -0.44186913012053747 -4.382495757110422 -2.0 -0.9806844837942607
0.0 2186.1421018730794 0.2509197 0.0217376 0.4543689 -2.18162068 -4.61157953 -1.93654878 -2.50369151 -1.30559037 -0.14741895 0.31995031 -0.23882873 0.7284381 0.98076755 -101.50076940418492 -790.4248489235239 -1291.928247224521 -21.216430664058933 -17.6248779296875 -2.0 -4.5 -2.0 -3.9939056411589
0.0 2185.881745017828 0.14194287 0.02126075 0.5647483 -3.09458945 -2.34560784 -1.94645898 -2.13955227 -3.07509776 0.0428394 0.97846312 -0.4352874 -0.43408474 -0.29836437 -87.2526474283303 -906.2281147002416 -1145.1315805573154 -21.216430664058933 -17.6248779296875 -2.0 -4.5 -2.0 -0.18845059344602968
0.0 2185.4540552452386 0.49709153 0.02088435 0.78931385 0.20003699 0.24965384 -1.95052869 -1.82002088 -4.84670292 0.48083692 -0.60566671 0.500771 0.41704778 0.39342658 -89.48240522652237 -1445.630333726581 -605.6943133651428 -21.216430664058933 -17.6248779296875 -0.8770060128695961 -1.9942274624337775 -2.0 -1.3621506305316062
0.0 2173.982933056956 0.23267505 0.02386819 0.43499042 -2.3462303 -1.43873851 0.28170025 -3.86156057 -1.94226292 -0.85556765 -0.89028523 0.19529211 0.89192773 0.9226628 -452.2397335335691 -1113.921746825051 -561.2697612458028 -21.991699218758935 -26.9383544921875 -0.19251629743796345 -3.8527500033599087 -2.0 -3.0474936290713996
0.0 2173.8827327608715 0.20756554 0.02460461 0.59518905 -4.99806634 -0.67846491 -1.24970926 0.18393903 -3.29672709 -0.89656193 -0.24752046 0.9641165 -0.01429597 -0.14188095 -95.01870329462264 -853.7507089330749 -1169.8008078691548 -21.216430664058933 -17.6248779296875 -2.0 -4.5 -2.0 -8.07140436635692
0.0 2151.6802179800948 0.12732096 0.02488592 0.87706728 -4.24170861 -1.35922307 -2.29539274 -3.40200029 -1.81452883 -0.37758733 -0.3482687 -0.9371628 -0.15358401 -0.83884694 -59.45833246627479 -1195.8086653665862 -856.7065554874154 -21.216430664058933 -16.407807618388357 -2.0 -4.5 -2.0 -15.784941158147978
0.0 2123.538966414959 3.39696563e-01 2.41324732e-02 4.51700355e-01 -3.78902777e+00 -5.94773429e-01 -2.28146178e-01 -3.47152078e+00 -1.64800712e+00 6.34380840e-01 -1.71366167e-01 -5.88605307e-01 5.77573469e-02 3.23024800e-03 -32.282861706786164 -1872.2956840601464 -193.32234721961947 -18.607060537078414 -12.167562804453237 -0.7193879800439609 -0.8772509738558129 -2.0 -19.408062698111074
0.0 2119.6148717691194 0.18829701 0.02407908 0.73703471 -3.62593667 -3.86617954 0.89780098 -3.88361271 -0.46430053 0.69944547 0.36746797 0.10376145 0.71766027 0.86078542 -67.69191642414928 -683.3774227890501 -1314.5990145969586 -21.216430664058933 -17.60942005875515 -2.0 -4.5 -2.0 -10.544761881987165
0.0 2105.027682288473 0.4262085 0.02139469 0.41110024 -3.9792561 -0.51658612 -1.14102459 -3.08510963 -1.02001425 0.22513315 0.47363187 -0.49338074 0.02265098 0.77438845 -37.83676482473423 -1546.4982234928696 -491.519026619136 -17.21368271086851 -11.392903031921072 -0.8076680224004467 -2.3281944601037026 -2.0 -10.018408607085627
0.0 2079.839482372898 0.27336814 0.02454799 0.75072858 0.88543078 -1.49248314 -3.67012456 -2.50657458 -2.66898774 -0.93491897 -0.80973803 0.24932459 0.8577493 -0.55856658 -67.30964309877503 -576.8444611632024 -1414.1776525438718 -21.216430664058933 -16.05554405681593 -2.0 -4.5 -2.0 -0.9239507617488704
0.0 2064.9044374967048 0.30400895 0.02116459 0.44890789 -3.71025725 -2.8072638 -3.73151444 0.18933688 -1.45931306 0.89752715 -0.70463623 0.33412384 -0.74229144 -0.64439755 -146.64614317974053 -1108.706067198475 -781.0692836009619 -7.844783824457714 -11.972200130375 -2.0 -4.5 -2.0 -15.101004438888271
0.0 2005.8294348856152 0.24054561 0.02127104 0.63036256 0.69476516 0.63586157 0.71133309 -4.48911877 0.07255523 -0.83730412 -0.00475969 0.52492634 -0.03110933 0.21648861 -76.5564452821013 -733.8431794722813 -1205.4344913170726 -21.216430664058933 -17.6248779296875 -2.0 -4.5 -2.0 -1.7290128315030062
0.0 2003.3953318795134 0.3010468 0.02245593 0.44110272 -2.53933924 -4.01915989 -2.69337118 -0.18314114 -1.2669787 0.42128447 -0.1061695 -0.54468151 -0.54631437 -0.9433903 -635.5971039704838 -897.9019269766698 -413.54087806761555 -21.991699218758935 -26.9383544921875 -2.0 -4.534003596253318 -2.0 -1.3254685636462822
0.0 1995.9582786403018 0.20438889 0.02439389 0.70523174 -4.25112954 -3.20678294 -1.82337611 -4.12289039 -0.6256505 -0.91505566 0.65205506 0.34922227 -0.44681035 0.2184993 -78.33670194823078 -715.7444061637993 -1161.5238819242209 -21.216430664058933 -17.6248779296875 -2.0 -4.5 -2.0 -0.4490332495161228
0.0 1992.0565242905348 0.1338635 0.0247741 0.85720414 -3.3085704 -3.53619388 -2.26488299 -0.58092466 -2.536687 -0.31407853 0.01121452 -0.12804627 0.72014975 -0.85800453 -38.549881761422384 -1354.212866046342 -553.7037665485442 -17.363303055217308 -11.47521328847486 -2.0 -3.3372322182189866 -2.0 -13.316015722082385
0.0 1988.7218077403068 0.12354704 0.02183819 0.87823521 -4.20898465 -0.42031779 -1.38114451 -2.700419 0.60452206 -0.17546447 -0.34742783 -0.24501469 0.24332857 -0.37351485 -33.179008789682825 -1733.0870864905655 -171.43018812069025 -18.551512685839583 -12.13596680909011 -1.3488452282648167 -2.4008125351323817 -2.0 -17.92310363126917
0.0 1973.61621028768 0.33700251 0.02121158 0.50605698 -4.28476465 -4.70846715 0.4485779 0.74446899 -1.96664387 -0.08253987 0.72744012 -0.50439515 -0.69667687 0.59652596 -29.599117373073188 -1803.266360544866 -124.19208287032141 -14.935981004915922 -11.20702832936669 -1.3422375723617503 -2.100894282818918 -2.0 -0.0781057625829141
0.0 1972.3339411276181 0.13313492 0.02475333 0.7099622 -2.49112705 -4.37852122 -4.60111127 -3.65120321 -0.67713241 -0.1858136 -0.60573945 -0.78926314 0.59342841 0.05156348 -55.62478466778063 -779.3662743510032 -1095.4824629277307 -20.083629982524396 -13.01476357215451 -2.0 -4.5 -2.0 -1.544294786486482
0.0 1972.1279217207607 0.13020312 0.02273511 0.78737833 -3.95705826 -2.38937961 -2.92398429 0.52100412 -2.8677414 0.15082992 -0.89762011 -0.83872453 0.90720145 -0.74156572 -58.29218274851664 -1567.2113093950056 -286.72537524821263 -21.216430664058933 -17.6248779296875 -0.49214160104140325 -1.1177588148795068 -2.0 -17.653864726215883
0.0 1959.470188289097 0.46497634 0.02337209 0.42604503 -4.12881345 -1.81462946 -4.00695622 -1.44603158 -1.89541204 -0.26762247 0.47526895 -0.02588003 0.39965921 0.68304604 -44.212070969413254 -1670.7247950711755 -217.37897848747286 -21.216430664058933 -14.629458759924946 -0.3470163466888721 -0.4108043830845984 -2.0 -1.208367038941742
0.0 1958.677589859586 0.2669913 0.02028567 0.40810321 -2.77563121 -1.7763053 -2.68563769 -0.61881714 0.4582079 -0.28933193 -0.64718925 0.47559142 -0.41908814 -0.94928916 -56.2256471476136 -552.0139617927186 -1302.9743592495008 -21.216430664058933 -14.219982867662065 -2.0 -4.5 -2.0 -4.319806567543169
0.0 1942.6321967453753 0.20714584 0.02430606 0.51273137 -2.93135773 -1.83472614 -0.32388137 0.28492935 -0.35084461 -0.83610659 0.33735388 -0.53403079 -0.53484983 -0.73988131 -94.98302917608244 -697.2086700256197 -1112.0370950932656 -21.216430664058933 -17.6248779296875 -2.0 -4.5 -2.0 -7.107486970871731
0.0 1914.9869296925406 0.2325967 0.02372603 0.68752904 -4.87963325 -4.44292004 -3.08398715 -1.76074448 0.1110762 0.14735233 -0.86844077 -0.6515134 0.82978379 -0.0216711 -77.62002486404435 -982.4006157208746 -822.9213360507271 -21.216430664058933 -17.6248779296875 -2.0 -4.5 -2.0 -12.348911515982829
0.0 1908.889272704169 0.16340393 0.02222586 0.84895276 -4.41304506 -3.78174249 -3.17797371 0.46786799 -3.71511798 -0.86612669 0.28201583 0.79126103 -0.94366021 -0.12933762 -36.28848638269452 -1217.495639349874 -620.9656221511993 -14.779739084268847 -10.079950168867736 -2.0 -4.5 -2.0 -6.877492555636049
0.0 1903.2819902556587 0.32547601 0.02242825 0.50853038 -3.18905528 -4.71097925 0.08812371 -3.62196137 -4.82998829 0.59194929 -0.08563927 -0.09508065 0.07908464 -0.46984221 -26.055289337056564 -1626.4562980092157 -234.28820525190116 -11.22772203512222 -8.706432273766726 -0.029010367241828976 -0.026176277704219722 -2.0 -0.10013915216035042
0.0 1898.986883825303 0.48488102 0.02428603 0.40602511 -2.91844018 -1.12254594 -2.10454561 -1.3348336 0.42673634 0.93260354 -0.36009576 -0.637811 0.22138595 -0.80311804 -55.285018299567035 -783.5498727787424 -1020.4121407477843 -21.216430664058933 -13.924699066320976 -2.0 -4.5 -2.0 -0.39382869918495106
0.0 1886.3109593196807 0.20986594 0.02382715 0.73585697 -4.00143163 -4.30960101 -2.11131594 -4.46735604 0.07273105 0.83380726 0.51258914 -0.6255027 -0.23835969 0.79704437 -57.20043655214656 -527.5418276160884 -1256.9561656233575 -21.216430664058933 -15.43858706702021 -2.0 -4.5 -2.0 -12.133436302631527
0.0 1879.766208322113 0.18573993 0.02073703 0.62265532 -2.43423826 -4.48866481 -0.60189518 -1.62747104 -3.86967823 -0.68725263 0.57211584 -0.55443204 0.09211509 -0.26324183 -32.06576400271975 -1351.4171779908445 -464.6658103633392 -14.194034303562878 -9.763419705586779 -1.5968687778027397 -2.8909444443621815 -2.0 -7.716939731462579
0.0 1874.0382869940408 0.32365083 0.02074837 0.4506981 -3.50985176 -0.45148082 0.66644782 -0.6795212 -2.6490204 0.32611988 -0.49833913 0.9498215 -0.22130006 -0.15718963 -58.03102848877492 -1297.9325915629645 -479.10569486342774 -21.216430664058933 -15.834995288550902 -0.48871388215395783 -1.2672851984932934 -2.0 -3.889468373688842
0.0 1865.498150186431 0.14183838 0.02371617 0.76757698 -3.88729758 -2.66180011 -3.57660212 -0.24430406 -4.32792367 -0.02437545 0.08957529 -0.64710476 -0.74341003 -0.01533775 -68.07362550090733 -676.4851932299708 -1081.5098291166835 -21.216430664058933 -14.432223752541855 -2.0 -4.5 -2.0 -3.820984729878639
0.0 1858.2205163111546 0.2326865 0.02068641 0.59207532 -4.15690781 -1.10798706 0.69288688 -1.38549147 -1.5779397 -0.13327477 -0.06534471 -0.25529726 -0.46464719 -0.05789545 -42.51517628983622 -1533.092410653272 -245.28867463311676 -21.216430664058933 -14.508401779096374 -0.06335206607605559 -0.01555174462525131 -2.0 -6.798152356349264
0.0 1858.1243734919237 0.14163354 0.02389147 0.78318941 -1.20825121 0.85045327 -1.83566345 -2.52542968 -2.82698412 -0.55343822 0.27996692 -0.6394375 0.95525119 -0.86532617 -52.90663440130404 -1070.6055342325806 -688.8142949631454 -20.142748095362634 -13.048878113608147 -2.0 -4.5 -2.0 -4.2024265051537695
0.0 1841.214367711512 0.18327669 0.02074659 0.51528157 -2.49687653 -2.06260814 -1.46876222 -4.23652942 -2.86558553 -0.52212714 -0.26587962 0.37840272 -0.11530088 0.56810837 -296.49070821763564 -685.1009115100467 -814.7436704570537 -18.07474306580031 -26.9383544921875 -2.0 -4.5 -2.0 -8.275985749199895
0.0 1841.2021911604793 0.36922094 0.0246689 0.44579706 -2.55876656 -3.13044486 -3.28748639 -4.22871457 -3.58074874 -0.07090563 -0.82141795 -0.09946769 -0.22280444 -0.76420567 -84.14645346712402 -1064.1966908975708 -643.0647657172528 -21.216430664058933 -17.6248779296875 -2.0 -3.1334345908393195 -2.0 -3.83171444497878
0.0 1836.481406787397 2.84164906e-01 2.12462396e-02 4.21312775e-01 -1.46445055e+00 -3.72923756e+00 2.40749414e-01 8.34437967e-02 -3.46483599e+00 -2.12676030e-01 3.65422015e-04 -8.38635582e-01 -5.93374909e-01 -3.94610135e-01 -61.95684944848017 -598.4969497584095 -1117.4634831728486 -21.216430664058933 -16.98840216596962 -2.0 -4.5 -2.0 -16.580075950712565
0.0 1836.1154046377355 0.20785443 0.02345201 0.73706078 -4.38566459 -1.79063875 0.24159082 -4.01575505 -0.08933788 -0.95922602 0.24834421 -0.55210895 -0.66495983 0.12994606 -86.40898953992549 -695.3728055537215 -1005.9435933832092 -21.216430664058933 -17.6248779296875 -2.0 -4.5 -2.0 -1.4147097167944735
0.0 1832.2535576124342 0.27712154 0.02416235 0.79110896 0.87153868 -0.72024044 -0.94842594 -2.39426182 -2.85856936 -0.86306266 -0.55781893 -0.09586996 0.21751904 0.08994136 -31.7580125260556 -1322.8251510501782 -446.4982259477947 -13.824981221093418 -9.579353364510299 -1.79932777869168 -2.9847698797273496 -2.0 -4.845582869684155
0.0 1829.3983007611794 0.26452462 0.02186587 0.55708024 -3.81229854 -2.90304286 -1.6752448 -1.77685732 -1.95947054 -0.56094515 0.39840675 -0.4109265 -0.41227969 -0.30610667 -144.69877631679483 -958.5036478166248 -664.2837999896616 -18.483833007555127 -26.9383544921875 -2.0 -4.5 -2.0 -10.845145989610078
0.0 1827.3642061247367 0.32895353 0.02318854 0.4551324 -2.58291888 -3.87666322 -2.58855501 0.78168982 -0.15436708 -0.2834363 0.86567639 0.60438404 -0.90236569 0.20617853 -54.06893005133074 -927.5652573444308 -803.911425366572 -21.216430664058933 -14.080122650426839 -2.0 -4.5 -2.0 -0.056134684359798244
0.0 1817.9768046721256 0.37221533 0.0246792 0.45885394 -3.84893588 -1.59437483 -3.99737637 -0.0315254 -0.75293644 0.75752601 0.2165866 0.50692447 -0.93193213 0.57950267 -66.77943746890442 -657.2921804025443 -1052.7246910332506 -21.216430664058933 -17.6248779296875 -2.0 -4.5 -2.0 -3.2265886262910346
0.0 1788.7048992750156 0.3306186 0.02425787 0.66091494 0.12664507 -0.30973231 -4.42212667 -4.59513479 -3.44457595 -0.77549445 0.55205278 -0.40806071 -0.51521774 -0.54160237 -57.39411767860988 -601.1727763483559 -1097.0206307419396 -21.216430664058933 -15.963674096615113 -2.0 -4.5 -2.0 -16.709175142546208
