0.0 3566.7868766163697 0.10511683 0.02464305 0.47969486 -3.23941094 -2.91421001 -0.44110445 -3.44649891 -3.14304442 0.80286318 0.91644169 -0.78067863 0.79014906 0.78642301 -15.826852933803526 -519.006372444763 -58.610450236988804 -6.891028373304788 -7.147838016434838 -2.0 -1.72284773234784 -2.0 -11.732817319091165
0.0 3338.280985494096 0.14889511 0.02151449 0.4088305 -3.11594614 -3.23684071 -0.04407297 -1.54876359 -1.13912499 0.94997135 0.81547606 0.14601741 0.05179071 0.76057179 -139.44000415519736 -2036.8682493408655 -1326.879280927463 -21.216430664058933 -17.6248779296875 -2.0 -4.5 -2.0 -16.258033599097192
0.0 3272.3481010736937 0.19353028 0.02416348 0.42118332 -3.44860028 -2.40688935 -2.39899592 -2.18660882 -1.09289308 -0.3048702 0.74898186 0.77373512 -0.74149604 0.59469879 -141.16816583181037 -1463.215192593235 -1685.9524867810426 -21.216430664058933 -17.6248779296875 -2.0 -4.5 -2.0 -0.6038316942614735
0.0 3104.5214126667597 0.12329152 0.02474314 0.52493702 -3.33991926 -0.97675186 -3.07668773 -0.60763695 -2.92210875 -0.49756718 0.75365136 -0.50223604 0.30259556 0.06972104 -120.70572409962864 -1230.2246699367902 -1863.2198394180357 -21.216430664058933 -17.6248779296875 -2.0 -4.5 -2.0 -10.856559025492436
0.0 3035.195914215153 0.12039649 0.02003214 0.48875652 -3.19733454 -3.23698735 -3.01562924 -2.21566035 -2.07598345 -0.1035774 -0.5646484 0.39047976 -0.22302056 0.58851751 -114.41495582201962 -1832.6446170294212 -1092.598112653001 -21.216430664058933 -17.6248779296875 -2.0 -4.5 -2.0 -17.52241856857142
0.0 2911.8077013631223 0.11887437 0.02197887 0.51794066 -3.17065629 -2.55537714 -2.48213627 -0.42773686 -1.82936331 0.43159695 0.93618802 -0.68091667 -0.70895513 0.34288771 -126.91448192632008 -1796.226887072411 -1056.644009068405 -21.216430664058933 -17.6248779296875 -2.0 -3.2318132330738076 -2.0 -9.337414321196857
0.0 2857.4325590315166 0.1213505 0.02488111 0.56748146 -3.29997929 -3.00346074 -0.78133185 -1.95177844 -2.96836632 -0.89156405 -0.84620633 -0.07509928 -0.67497221 0.5151327 -118.26084781606957 -1802.587969240291 -945.8911878498634 -21.216430664058933 -17.6248779296875 -1.4217863860257245 -2.8006039960302695 -2.0 -0.0039974810959175515
0.0 2738.4955405296337 0.13093524 0.02173126 0.5832051 -3.49229775 -3.23248432 -3.26870587 -0.56618705 -0.50843298 -0.45969374 -0.76929826 0.64878967 -0.34778623 -0.70896166 -102.48367229589381 -1836.0550453295098 -855.2711426587326 -21.216430664058933 -17.6248779296875 -0.9821088346072055 -2.45626309986145 -2.0 -19.343018219165273
0.0 2555.3849655633817 0.1086807 0.02152788 0.66176638 -3.25958163 -2.25080279 -1.18022296 -2.72060728 -0.24139404 -0.48736576 0.03306594 0.64648875 0.46972438 -0.36677583 -94.32876764003616 -1814.1124159266824 -785.6405735653948 -21.216430664058933 -17.6248779296875 -0.9298534514221962 -2.44561562795918 -2.0 -0.1970057243926201
0.0 2452.2224748570197 0.16322986 0.02443593 0.43601803 -2.58737136 -0.4204322 -1.8948082 -0.61668867 -2.37506012 0.11205157 -0.47381317 0.89071707 0.02462139 -0.15365741 -84.57989429612303 -1987.4357327856403 -441.61626119985044 -21.216430664058933 -17.6248779296875 -0.21676713056449415 -0.12274819282346625 -2.0 -0.572253364633433
0.0 2391.4979935932975 0.16488016 0.02266449 0.53785125 -3.2466646 -3.41211999 -1.34275312 -1.1661466 -0.27498297 -0.18108539 -0.84039645 0.21141517 0.36523946 -0.6535824 -118.03197706544353 -1127.6777170083385 -1145.3795663777946 -21.216430664058933 -17.6248779296875 -2.0 -4.5 -2.0 -13.791905811696704
0.0 2381.3384441443827 0.14713184 0.02155111 0.45418177 -2.63623147 -3.22403264 -0.91328869 -1.13745883 -1.57440086 0.99857941 0.62114524 -0.93720577 0.00922143 0.30835131 -89.82105935781901 -1377.0570120349978 -876.2971078269708 -21.216430664058933 -17.6248779296875 -2.0 -4.5 -2.0 -0.9815057797637088
0.0 2343.7525176169124 0.20887154 0.02218243 0.47293209 -3.13267968 -2.19126056 -2.1648249 -2.41609384 -3.2835308 -0.24178567 0.12431608 0.20689514 0.35853891 0.94148661 -120.42124771633726 -1257.3495895889882 -955.7067893776459 -21.216430664058933 -17.6248779296875 -2.0 -4.5 -2.0 -0.5195088676646782
0.0 2319.763464056937 0.29662201 0.02324439 0.44118548 -3.3576008 -3.20564187 -0.68167644 -3.2019194 -1.88161637 0.80395999 -0.41641546 -0.60007585 0.42667692 -0.43974098 -93.85345347536469 -1062.8237812742325 -1139.671633559599 -21.216430664058933 -17.6248779296875 -2.0 -4.5 -2.0 -0.062340713969507626
0.0 2262.2392267864675 0.13056905 0.02150727 0.48653916 -2.6227352 -0.79722018 -2.58674049 -0.84224654 -0.75404516 -0.84571642 -0.49538218 0.72953842 0.03670262 0.54080968 -82.09506917433588 -778.2930556540307 -1408.4916867780532 -21.216430664058933 -17.6248779296875 -2.0 -4.5 -2.0 -3.542343856770784
0.0 2250.494944360316 0.12070553 0.02257755 0.72146627 -3.26029509 -2.27138447 -3.27867125 -0.62492404 -0.55885407 -0.90984771 0.71758054 0.97195675 -0.99945224 -0.75524793 -114.74184624102217 -1360.6675678164322 -741.1954799112219 -21.216430664058933 -17.6248779296875 -1.6188058875252311 -2.553007847138811 -2.0 -0.6212104893812771
0.0 2206.4519652663366 0.18758705 0.02360682 0.50710345 -2.99580048 -2.36537597 -3.24787427 -1.61970425 -2.06959395 -0.67434941 -0.18311353 0.7781886 0.37299578 0.01781913 -63.293216291166004 -1822.3069929937606 -322.3860280779266 -21.216430664058933 -17.6248779296875 -0.40745811227890827 -0.525399451460042 -2.0 -0.7345408399768106
0.0 2190.083838981061 0.2700871 0.02044327 0.44020836 -3.1064662 -3.33335026 -1.44297856 -2.61913694 -1.03143416 -0.22924575 0.39436972 0.80117496 0.18630162 0.05581907 -88.49159054253906 -1138.2305366131723 -926.4386231017041 -21.216430664058933 -17.6248779296875 -2.0 -4.5 -2.0 -5.949906415174786
0.0 2186.2258857723405 0.12118692 0.02408857 0.8921503 -3.49738909 -2.7185741 -0.41224484 -3.38846195 -0.6563824 -0.16925228 -0.76691253 0.20223045 0.14233153 0.48644297 -87.67677162017469 -819.3029788641282 -1229.8882795951604 -21.216430664058933 -17.6248779296875 -2.0 -4.5 -2.0 -5.8745003078513855
0.0 2153.73862200858 0.19221001 0.02392244 0.56894298 -3.40831241 -0.78400461 -0.12323836 -3.38874714 -2.97048864 -0.74337768 0.48913781 0.01519885 0.0520543 -0.07592385 -34.43060791345677 -1947.2490559792288 -156.31054678437508 -18.600442805722604 -12.163798593874983 -2.0 -3.3604228206214204 -2.0 -10.111010875060776
0.0 2150.3498232080024 0.37612968 0.02440109 0.4103703 -2.81554519 -0.45313351 -0.40380135 -2.84130095 -0.49887712 0.67807718 -0.28824336 -0.78384881 0.26259773 0.76427753 -70.34583819695685 -1226.9565306050902 -800.5427896314376 -21.216430664058933 -17.6248779296875 -2.0 -4.5 -2.0 -8.552154981348675
0.0 2145.321022415606 0.14628541 0.02449882 0.68114548 -3.33892123 -0.51296878 -1.38606256 -0.39309129 -1.08916075 -0.17083326 0.74444989 -0.71992828 0.81873624 0.60105154 -74.34446013213494 -594.3698996800535 -1420.897191602314 -21.216430664058933 -17.6248779296875 -2.0 -4.5 -2.0 -13.396963199753282
0.0 2136.5469971176553 0.12311049 0.02352922 0.72725929 -3.14040442 -2.77309353 -3.45874886 -0.81774966 -1.90999643 0.20955273 -0.49570961 0.68150973 -0.38512125 -0.66770421 -59.58822758947376 -1575.8621034360403 -453.7549722004546 -21.216430664058933 -17.6248779296875 -0.10612044651935054 -0.6490472829378423 -2.0 -14.519242866433396
0.0 2133.913091630495 0.27240319 0.0248738 0.42556387 -2.5614189 -2.60794965 -2.74598345 -1.54327377 -3.08086836 -0.30655182 0.02017739 0.2648163 0.27103797 -0.65930368 -60.28100675055174 -1734.0906349578242 -294.7587887898503 -21.216430664058933 -17.6248779296875 -0.4590153350382417 -0.7340219233979299 -2.0 -5.382220767246623
0.0 2130.579109173846 0.14750718 0.02285002 0.64818143 -3.26286336 -2.49448871 -2.75496949 -3.176301 -0.65590344 -0.05210319 -0.27677621 0.03719547 -0.40547064 0.90820917 -88.9775545410411 -727.5956265294712 -1250.7543228562674 -21.216430664058933 -17.6248779296875 -2.0 -4.5 -2.0 -19.24427910996889
0.0 2057.3935107176476 0.1934631 0.02128523 0.58365831 -3.49373013 -0.51700155 -1.05973757 -1.00309044 -0.93413131 0.74160112 -0.62295798 0.32305511 0.34418251 -0.40138651 -66.84116575410147 -1534.425436140563 -485.67331742611464 -21.216430664058933 -17.6248779296875 -0.2227233156179713 -0.9472443652149185 -2.0 -1.6279135784877092
0.0 2054.338148666853 0.28967945 0.02300493 0.47256339 -3.29657419 -2.95939287 -0.01482613 -2.90938694 -0.83499553 -0.46210776 -0.42025469 -0.99219972 -0.80090851 0.15451304 -66.56205357070336 -1245.0355027061717 -697.2767359060075 -21.216430664058933 -17.527049487958383 -2.0 -4.5 -2.0 -1.275738382747943
0.0 2048.417617337886 0.16016134 0.02151576 0.52645576 -2.79430498 -2.81411756 -1.02809882 -1.34419286 -0.81210644 -0.96593777 0.75893644 0.78379435 0.47134039 -0.38259658 -71.87149725800495 -788.4813358416474 -1144.3517266293886 -21.216430664058933 -17.6248779296875 -2.0 -4.5 -2.0 -2.2922803440658512
0.0 2036.7124757760919 0.12196119 0.02043489 0.78621845 -3.1693945 -1.01102231 -1.72846582 -3.49227719 -1.17404871 0.5640832 0.59108999 0.25448744 0.06766181 0.83884643 -91.2683441022114 -1233.9309991455298 -676.8707267346051 -21.216430664058933 -17.6248779296875 -2.0 -2.9054411220490994 -2.0 -0.6007976397441523
0.0 2023.8628741612495 0.26608746 0.02082456 0.47881906 -3.27233884 -0.40159453 -2.11657714 -1.44779923 -3.03063682 -0.41266503 -0.84297604 0.06900355 0.58600707 0.79995107 -49.1435909857038 -1763.5745710974195 -175.20289075381723 -21.216430664058933 -15.009831979978507 -1.6718891405709837 -2.95615957941418 -2.0 -5.937111575128381
0.0 2017.0961982398499 0.11667922 0.02301112 0.56845108 -2.57093319 -0.64308465 -1.60286005 -1.33639644 -1.03514406 0.39791166 -0.67860307 -0.94865909 0.15293713 -0.85729441 -75.30022583742678 -855.1763736751232 -1042.6681582608794 -21.216430664058933 -17.6248779296875 -2.0 -4.5 -2.0 -3.3768077940737085
0.0 2007.098496104119 0.2928505 0.02421702 0.48217166 -3.25672808 -3.14601808 -2.28645054 -0.03130455 -0.6697084 -0.4152446 -0.28382086 0.69238178 0.74769034 -0.81055941 -95.69429839392251 -1449.2824210584793 -428.9211794474682 -21.216430664058933 -17.6248779296875 -0.004296659679518539 -0.03150798017615842 -2.0 -2.3211861063776364
0.0 1989.3937701274263 0.12913626 0.0227397 0.73261689 -3.09457065 -0.33802903 -1.82887257 -1.38301449 -3.23696695 -0.45862811 0.64605144 -0.89199217 -0.56463839 -0.86959632 -67.62684032855222 -775.5238210047049 -1105.200827308323 -21.216430664058933 -17.6248779296875 -2.0 -4.5 -2.0 -11.405698868792621
0.0 1979.656610449697 0.28851036 0.02156193 0.44034538 -2.7938818 -3.15037206 -2.3676703 -1.72510759 -1.18011775 -0.35781315 -0.8227077 -0.48239074 0.11617117 0.8197318 -54.42814026770624 -1635.162091292687 -256.99662346303694 -21.216430664058933 -16.99861042064224 -0.4870880619787831 -0.880855289940381 -2.0 -1.2239306673757018
0.0 1921.7297897544724 0.29741942 0.02181247 0.43682717 -2.67838349 -2.18904381 -2.00483598 -2.69912027 -0.41132111 -0.47578643 0.72332644 0.55393273 0.64007142 0.98342363 -81.0099403381565 -727.3737187926096 -1123.4358373902994 -21.216430664058933 -17.6248779296875 -2.0 -4.5 -2.0 -0.49580533488496903
0.0 1912.2491274892313 0.13841216 0.02164598 0.57362969 -2.67382094 -2.24723379 -1.21892658 -3.26661525 -2.09500134 -0.15144888 0.15174656 0.11335417 -0.68650697 0.40185611 -79.37159362955003 -693.4013877043373 -1101.5137260199137 -21.216430664058933 -17.6248779296875 -2.0 -4.5 -2.0 -0.10177380692522413
0.0 1911.924158409318 0.13225757 0.02086669 0.4693464 -2.2752512 -2.26881675 -0.63222419 -3.38591149 -1.84142352 0.96947871 0.1240153 0.39989161 0.86604658 -0.65197325 -85.65729628803298 -1334.0064065606323 -450.63675830956515 -21.216430664058933 -17.6248779296875 -0.20291617492970657 -0.5738839481582539 -2.0 -0.330557614166495
0.0 1910.5510079401533 0.31688081 0.02281847 0.48650266 -3.46904585 -0.19835538 -1.01902811 -2.27226704 -2.32746232 0.33122283 0.21153554 0.1242606 -0.78629395 -0.33174678 -116.50151138336935 -1160.436753219665 -587.7089960691712 -21.216430664058933 -17.6248779296875 -1.3015351844187824 -1.9910408999462195 -2.0 -3.1430130590005625
0.0 1908.2263630506172 0.45606139 0.02336701 0.41502116 -2.78475303 -3.17657662 -0.42450281 -1.59770462 -0.33344059 0.92918413 -0.69731998 0.52803647 0.30618643 0.55495958 -61.70131350418956 -738.8454845714406 -1062.8236537660464 -21.216430664058933 -15.957618674892839 -2.0 -4.5 -2.0 -1.5065067595251138
0.0 1888.6073627025148 0.10808324 0.0209063 0.72180178 -2.69415505 -1.49795842 -1.4293816 -1.24119681 -0.48533127 0.13710134 0.26261232 -0.33495015 0.64326884 0.40906096 -59.73578770682462 -539.3330203822807 -1259.6838736643433 -21.216430664058933 -15.469835176208687 -2.0 -4.5 -2.0 -4.287415456900992
0.0 1888.3474941163277 0.17127454 0.02213154 0.43356852 -2.18265433 -2.07793484 -0.58125348 -1.98762386 -0.55274143 0.92954453 -0.802548 0.52880635 0.90035253 0.10765247 -65.53663087423608 -1618.8141636928117 -154.6660430777527 -21.216430664058933 -17.6248779296875 -2.0 -3.8184019959902775 -2.0 -2.9308144679776835
0.0 1888.2839257824476 0.2221209 0.02073691 0.46050238 -2.57665679 -1.65428696 -0.02644286 -2.21066817 -2.43388895 0.2186409 0.66037127 0.77677206 -0.07903818 0.89041601 -112.05199394506474 -926.4762439500419 -802.4485496227048 -21.216430664058933 -17.6248779296875 -2.0 -4.5 -2.0 -0.029398004770015026
0.0 1877.0274581413569 0.15648783 0.02083119 0.45830853 -2.2974516 -0.40193289 -3.1449755 -0.6545422 -0.03076886 0.23664877 0.17052762 -0.87777881 -0.90340644 0.83604269 -89.4512857534027 -868.2861797202041 -879.3149681404171 -21.216430664058933 -17.6248779296875 -2.0 -4.5 -2.0 -3.890183574677059
0.0 1824.069624998907 0.21276103 0.02272794 0.52767293 -2.85298112 -3.3016387 -2.90418694 -0.47042179 -0.7426905 0.5474399 -0.29825261 0.58534989 -0.04923917 -0.28554311 -108.01912529953854 -1034.2611870127841 -685.4023587214007 -21.216430664058933 -17.6248779296875 -2.0 -3.163977157237621 -2.0 -3.3395013566493734
0.0 1823.24281152944 0.39931126 0.02138734 0.43709034 -3.04682078 -1.09951389 -2.58260264 -0.84057712 -0.56080808 -0.2332845 0.76520828 0.53943481 -0.89675965 -0.41243201 -72.37755220841287 -976.3199874458132 -726.8465187355671 -21.216430664058933 -17.6248779296875 -2.0 -4.5 -2.0 -1.1842580153671913
0.0 1812.0780096092742 0.19672128 0.024786 0.55700796 -2.80837899 -2.98346313 -1.53735235 -1.94023377 -3.32908658 0.83691308 0.10177946 0.28365919 -0.520385 -0.1981973 -61.25012439587962 -584.7593660901259 -1131.4499667951643 -21.216430664058933 -15.121128638686358 -2.0 -4.5 -2.0 -0.945794945524928
0.0 1805.3020495790106 0.13770663 0.02433072 0.87466866 -3.20308834 -0.89125294 -2.05176862 -3.49333961 -3.01647473 0.96888462 -0.17320104 -0.69912814 -0.53471773 -0.8472324 -68.46500529172238 -1037.2889402119968 -642.0572500049642 -21.216430664058933 -17.6248779296875 -2.0 -3.3471484298752614 -2.0 -18.078357076969276
0.0 1802.4568420873495 0.10158437 0.0201119 0.63292337 -2.4106552 -3.37391166 -0.79529835 -0.32117243 -2.78969127 0.03470577 0.3473812 0.30350363 0.31378924 -0.24767182 -28.156733243185133 -1608.219287258497 -122.69371945258297 -15.596521447021505 -11.045413388604418 -1.773093442041418 -3.200538645095128 -2.0 -12.616742701983211
0.0 1799.2565707508538 0.41218128 0.02289062 0.45578522 -3.3500842 -2.00379446 -1.51777223 -3.09931209 -1.07508508 -0.29744902 -0.97668263 -0.6977667 0.28878633 0.56385091 -87.46616275150083 -1480.9216239555935 -179.85247161475309 -21.216430664058933 -17.6248779296875 -1.48850540332265 -3.2836107948899778 -2.0 -8.603158973543039
0.0 1776.4257435319398 0.15053984 0.02371287 0.6810364 -2.9232225 -0.85667808 -1.85531067 -3.03461691 -0.8038811 0.22809767 0.20772255 -0.94669298 -0.29717838 -0.92728197 -53.89071446724645 -586.6455163760119 -1113.4635647582975 -21.216430664058933 -13.749283166639671 -2.0 -4.5 -2.0 -1.7910613185992792
0.0 1775.7938655010744 0.24896853 0.02076872 0.52498537 -3.15736297 -1.78401604 -3.44006062 -2.81319968 -2.69352744 -0.61115518 -0.47776743 -0.15574675 0.00744609 -0.15974329 -54.49380799122837 -1360.5565124562147 -313.93259210401794 -21.216430664058933 -17.445693613959982 -7.639273129480144e-05 -0.008902633516333705 -2.0 -6.771727676212165
0.0 1775.4739532128456 0.45721504 0.02360477 0.40234694 -2.09188584 -1.35314032 -1.52727415 -3.02182986 -0.91382287 -0.16467801 0.42283656 -0.41109333 -0.31686748 0.19891504 -64.23577268137504 -895.811119837092 -765.7495612769567 -21.216430664058933 -16.581280302237424 -2.0 -4.5 -2.0 -3.6997007393542254
0.0 1766.2734228163793 0.23707792 0.0237414 0.56858552 -3.25161328 -0.88785995 -1.61202298 -3.01615823 -1.13194331 -0.09101031 0.12023727 -0.37714365 0.61478611 -0.00448518 -60.58344153993291 -521.0162076879051 -1141.7839912734441 -21.216430664058933 -16.439365583267726 -2.0 -4.5 -2.0 -5.934516464236797
0.0 1762.6229176776558 0.45181481 0.02009249 0.42685696 -3.06395984 -2.03571794 -0.21213864 -1.66936567 -2.08723232 -0.7370626 0.60212706 0.28963977 -0.85121798 0.42184714 -55.32064452095097 -959.4167954021094 -698.8907991574583 -21.216430664058933 -15.92685466962871 -2.0 -4.5 -2.0 -7.001898402172955
0.0 1746.5988808139066 0.11488649 0.02165978 0.89050608 -2.80574683 -2.17773814 -0.93558596 -2.93005859 -1.73978517 -0.85026184 -0.51934842 -0.05685968 0.10225426 -0.89787043 -56.88279916271907 -549.1560276606888 -1105.5824045889226 -20.478794500498367 -13.243882125258432 -2.0 -4.5 -2.0 -8.779009639568576
0.0 1744.3436483849794 0.2293499 0.02035177 0.53987657 -3.06552607 -2.95973284 -2.83176579 -2.8141236 -3.27656427 -0.651847 -0.95326057 -0.16762576 -0.37503273 0.38429214 -34.42191807150739 -1618.8362479558484 -56.20551147254651 -16.184148329474397 -11.975970091714267 -2.0 -4.6684698583992725 -2.0 -0.3066150344161851
0.0 1726.691441660066 0.10083045 0.02148493 0.88178162 -2.56160329 -1.51541571 -2.65299535 -2.17874803 -2.01925944 -0.50737097 0.28657225 0.91729244 0.45566496 -0.53263522 -64.75356449243435 -953.9440615754721 -672.537124762215 -21.216430664058933 -16.81636677302436 -2.0 -4.5 -2.0 -6.576100117774858
0.0 1720.23569468886 0.15791601 0.02329693 0.83345782 -0.05767522 -1.58742736 -0.16624739 -0.58887385 -0.54861362 -0.31038659 -0.63097691 0.27272187 -0.9024904 -0.06620026 -41.64216300524663 -1594.4326005183616 -48.079889811955645 -19.279412183799973 -14.513254027744042 -2.0 -4.067621545407556 -2.0 -0.6765005675504949
0.0 1706.0665451310078 0.20990369 0.02225291 0.47672543 -2.36404039 -2.29855814 -0.0854159 -1.81802867 -2.25839506 -0.21009063 -0.64095951 0.59674038 0.43418779 0.91055459 -96.98562964539265 -695.4795438758562 -866.4875609386954 -21.991699218758935 -26.9383544921875 -2.0 -4.5 -2.0 -3.852906517969239
0.0 1699.4600844439706 0.38587295 0.0245351 0.4182278 -2.05006771 -0.49813332 -1.44444238 -2.56783692 -3.41272964 0.09121278 -0.57356811 -0.82895797 0.20700499 -0.17299161 -85.31510138946224 -850.993730777911 -722.2882240932996 -21.216430664058933 -17.6248779296875 -2.0 -4.5 -2.0 -0.12818027658841658
0.0 1695.7286018919558 0.15889739 0.02150392 0.44541396 -2.06986226 -0.97165208 -2.26404701 -0.02404853 -0.48080583 -0.13671911 0.29477962 0.92973452 0.72452492 -0.79143299 -63.982303428131836 -539.7234144141094 -1033.4656798116682 -21.216430664058933 -17.6248779296875 -2.0 -4.5 -2.0 -14.947378196314746
0.0 1694.4105918064909 0.23798861 0.02326729 0.54121299 -2.92567529 -1.39671048 -0.37430575 -0.99401547 -2.94097834 -0.90239424 -0.4853034 -0.65317608 -0.97197281 0.76966625 -108.65140092679918 -920.8904855549905 -619.5794374378598 -21.216430664058933 -17.6248779296875 -2.0 -3.136633711860247 -2.0 -0.6293356666995888
0.0 1693.7985192077902 0.10995796 0.02183876 0.68014278 -0.02720273 -1.65497403 -3.17453536 -3.17123798 -1.30190822 0.10432772 0.90448982 -0.99828878 0.69101999 -0.56006857 -60.649312420606975 -890.9983107317258 -692.229907305994 -21.216430664058933 -17.14051625992618 -2.0 -4.5 -2.0 -3.676114424178917
0.0 1673.7893352504977 0.27734608 0.02270714 0.54816972 -3.35020614 -1.97926414 -1.52153054 -3.0972068 -0.84318157 0.12923151 -0.13083779 0.76855759 0.14455701 0.21774613 -47.303613775213684 -711.7539162417725 -903.1592729057384 -12.656616210958935 -10.347478889731118 -2.0 -4.5 -2.0 -0.07762118437570106
0.0 1664.9968227391876 0.18864794 0.02070938 0.67861698 -3.32462602 -1.25244045 -2.75693956 -1.79983418 -2.15726262 -0.18706655 0.71859784 -0.27886891 0.42685918 -0.87270098 -51.44139840782897 -831.2933027759174 -746.0455978594068 -21.216430664058933 -14.176909191355525 -2.0 -4.5 -2.0 -1.1156963519302823
0.0 1662.6707634157667 0.39464584 0.02450983 0.45392882 -2.5740398 -0.06892011 -1.96340639 -1.41578783 -3.19501927 -0.52632557 0.71081236 0.98388147 -0.3770508 -0.03874445 -43.59520776965792 -1229.6175449144382 -352.09258419639326 -19.439938170092834 -12.643316481503128 -0.4147368245821558 -1.134606685399513 -2.0 -4.058887697120636
0.0 1662.423448583663 0.10693449 0.02021267 0.79363353 -2.51038298 -1.04711232 -1.29934124 -0.49332517 -3.27966705 -0.25649577 -0.75413411 0.47425706 -0.86759393 0.18462858 -53.3793214167316 -563.6930380465184 -986.1261563020869 -21.216430664058933 -15.107301833942152 -2.0 -4.5 -2.0 -14.648515152428725
0.0 1656.2721380878809 0.30587706 0.02136976 0.49392664 -2.97381037 -0.95046795 -2.77863105 -0.10215801 -0.6268646 0.62304341 -0.91520211 0.50090958 -0.99862542 0.14201361 -49.82524033504084 -1494.899737419043 -64.34620988791148 -20.786330734214502 -16.165750338785735 -2.0 -4.681713764951792 -2.0 -7.718466103715453
0.0 1656.2555983340653 0.12749929 0.02331295 0.81460323 -2.75406919 -1.8641075 -0.67951969 -2.2350428 -1.15656977 0.43582232 0.75633895 0.76484348 -0.14597662 -0.1778048 -59.19944334849125 -713.3766322614794 -837.4516648448043 -21.216430664058933 -15.52889616434685 -2.0 -4.5 -2.0 -0.9990708047000496
0.0 1654.8635170382154 0.40273796 0.02406376 0.48190567 -3.21894992 -2.61086612 -1.7201554 -3.23585078 -1.63183773 0.99790832 -0.12443076 0.83233717 -0.10651213 -0.14181471 -38.819636663296436 -1470.1283061042147 -100.08439820434059 -21.120617549975858 -14.118123567986972 -2.0 -4.034347751610546 -2.0 -3.950168492640123
0.0 1654.4222501928887 0.20842574 0.02099498 0.4944602 -2.44733352 -2.80996935 -0.32927938 -1.59030081 -0.26317352 -0.87430365 0.4629737 -0.73779515 -0.97807625 0.24139155 -46.72304932597653 -590.2417160356136 -966.9970597659367 -19.724333335067374 -12.8074288013819 -2.0 -4.5 -2.0 -9.869929774239138
0.0 1637.020356503511 0.29718584 0.02205025 0.40956899 -1.93017021 -0.948427 -1.17163993 -1.36683092 -3.41990127 -0.45230902 0.0471259 -0.03668234 0.29202853 -0.78030379 -80.58106130602297 -879.3144784438708 -644.702728764185 -21.216430664058933 -17.6248779296875 -2.0 -4.5 -2.0 -2.482673085063514
0.0 1615.573239984971 0.26176925 0.02297955 0.43728251 -2.06421766 -1.73585919 -1.3484338 -2.44826391 -3.36218318 0.81496652 -0.91303707 -0.89441024 -0.39496361 0.79196848 -82.53771824289662 -592.3201192147808 -914.819047631632 -21.216430664058933 -17.6248779296875 -2.0 -4.5 -2.0 -0.0021628204552598114
0.0 1609.5905322564531 0.21445274 0.02453877 0.61306993 -2.99529742 -2.62401598 -0.55893799 -1.31993922 -3.10498372 0.24974764 -0.14123222 0.23620564 0.36693231 -0.55249813 -81.99396322266143 -660.4722038182215 -823.5901033373796 -21.216430664058933 -17.6248779296875 -2.0 -4.5 -2.0 -2.1756610129620944
0.0 1591.3810012018453 0.3320545 0.02459656 0.43143301 -1.9766385 -0.25518507 -1.41307294 -3.4517608 -3.05047969 0.06077628 0.38704985 0.66604484 0.41457238 -0.89159802 -48.75434946035713 -1003.8692202843057 -498.34223058022746 -21.216430664058933 -15.424564955737578 -2.0 -2.99275142727262 -2.0 -14.990984884493685
0.0 1585.7593743297277 0.17498412 0.02447305 0.85104163 -3.46557398 -3.28123119 -0.73564483 -3.37761959 -2.79922726 -0.45367479 -0.90207806 -0.24980626 0.89984109 0.14708956 -66.88341360335707 -566.7216405893687 -894.7477895129641 -21.216430664058933 -17.6248779296875 -2.0 -4.5 -2.0 -15.686848902408872
0.0 1580.4411372352338 1.42906515e-01 2.13286196e-02 7.92537963e-01 -2.86955008e+00 -7.75377500e-01 -9.36458126e-01 -1.33635977e+00 -3.03163730e+00 -8.02893416e-01 8.64131195e-01 2.50276394e-03 -8.15679543e-01 -5.03294740e-02 -20.213347140917268 -1368.4106390819254 -162.00625409593218 -9.806627466160446 -8.45361652348366 -0.2399447672723269 -0.41005008973866264 -2.0 -14.21889516429789
0.0 1569.9634802286137 0.49774773 0.02418909 0.46000741 -2.90603205 -3.41704204 -0.91741734 -0.71017328 -0.862272 0.54588101 -0.95136424 -0.85275287 -0.99816122 -0.21376037 -35.372387002798924 -1392.453313479138 -115.72666920644798 -17.47444708328152 -11.9537198364523 -1.3725372773517786 -2.9585575889486924 -2.0 -1.1295057608147674
0.0 1559.4376971718814 0.27667741 0.0221316 0.55148701 -3.13668741 -1.3133899 -0.84355003 -2.30905349 -1.57072603 0.79428013 0.98938279 0.09991989 -0.71710802 -0.5057085 -39.76736310172727 -530.4219115676149 -952.9311960374982 -16.324550759373615 -10.90087895363015 -2.0 -4.5 -2.0 -11.117579808769516
0.0 1553.3531255791165 0.13275611 0.0237172 0.54345573 -2.17191615 -0.34158847 -1.72940574 -0.58208876 -2.74523987 -0.75001445 -0.97841215 -0.90815906 -0.76308124 -0.50670984 -49.55473190017284 -805.5331169374318 -660.777674109014 -21.216430664058933 -13.826311908916958 -2.0 -4.5 -2.0 -0.029431652286656233
0.0 1547.761201111622 0.2996664 0.02346154 0.414805 -1.78243143 -3.3705773 -3.12899595 -2.76924657 -0.39668492 0.2792548 -0.82286799 0.42617366 -0.10358455 0.54003182 -86.46444523700555 -1086.2110657653966 -332.77684727762664 -21.216430664058933 -17.6248779296875 -0.11642434819776859 -0.13661359609836057 -2.0 -6.806420761045078
0.0 1534.7734474749016 0.14523429 0.02479879 0.56703659 -2.23087796 -2.75983416 -2.98155399 -0.95186167 -0.36688419 -0.65960228 0.05947737 -0.12328289 -0.38484625 0.91088548 -79.70629874961104 -572.8508943872409 -842.9524275025448 -21.216430664058933 -17.6248779296875 -2.0 -4.5 -2.0 -4.910271878478932
0.0 1530.579075842878 0.31156249 0.02152454 0.44820872 -2.20136164 -0.80454833 -3.16712915 -1.29773975 -0.33897876 0.6055706 -0.10788733 0.81917147 0.01129178 -0.61912251 -78.85838889143089 -1062.149680333682 -334.1875755070696 -21.216430664058933 -17.6248779296875 -0.20192488987122342 -0.28858640316581746 -2.0 -18.245982855935498
0.0 1525.7543720485314 0.40965221 0.02499506 0.48523021 -2.76934127 -0.72224183 -0.00918747 -2.91583647 -3.15776791 -0.37501354 -0.77605249 0.65788839 -0.75915733 0.96268696 -67.71305906177668 -611.407416719965 -803.5372297122248 -21.216430664058933 -17.6248779296875 -2.0 -4.5 -2.0 -0.5800617551648776
0.0 1521.5677528105366 0.36899399 0.02305153 0.46303374 -2.42195392 -3.22973641 -0.95474601 -2.2701255 -1.53516588 -0.69339963 0.14138357 -0.85161279 0.0884892 0.4646174 -42.527208647470445 -563.1207872420249 -859.3499993749041 -18.968739056942216 -12.373288005009178 -2.0 -4.5 -2.0 -20.91434972218027
0.0 1519.7151824417838 0.38549205 0.02276984 0.44415928 -2.19928165 -1.58053924 -1.74427829 -3.14826802 -3.38746434 0.75776629 0.19045842 0.01894012 -0.55120108 -0.28663585 -54.06260380819334 -574.189956668887 -845.9624698127549 -21.216430664058933 -15.12199727159298 -2.0 -4.5 -2.0 -2.514294585049424
0.0 1502.95707032059 0.24554938 0.02235223 0.64043742 -3.47425225 -0.33964295 -0.7780841 -1.99008106 -2.64914798 0.60364403 0.73636271 -0.77214572 -0.63313642 0.15704697 -56.257155250464585 -548.6379312424029 -868.0248611070803 -21.216430664058933 -15.750229981681777 -2.0 -4.5 -2.0 -1.3285741960951907
0.0 1492.211928017934 0.35670321 0.02478101 0.53292968 -3.19369318 -1.01296136 -1.40695663 -1.29445061 -0.30186149 0.01239065 0.76847407 -0.94560256 -0.65750835 -0.9731889 -36.83753844265975 -963.914648318611 -467.3741416722962 -16.353836686070334 -10.917100030793854 -2.0 -3.298985256153972 -2.0 -0.2608199140050066
0.0 1490.3703299883912 0.10821335 0.02399101 0.82726644 -0.31786818 -3.32740032 -1.08952456 -0.50300416 -0.80256137 -0.02959992 0.36508778 0.11997136 0.22576263 -0.0107156 -39.37379184960194 -643.4122498865804 -753.5279357222947 -17.715725948329066 -11.669090791388715 -2.0 -4.5 -2.0 -18.013133819739135
0.0 1473.1987090348723 0.29992959 0.02262406 0.5683434 -3.31075174 -1.17483354 -2.04157481 -1.77305236 -1.71279258 0.99280082 -0.29923368 0.69426214 0.9505456 -0.34952763 -71.82761173665321 -575.497233117809 -812.8419687333259 -8.670764595300618 -3.8529440531620636 -2.0 -4.5 -2.0 -9.179807752140485
0.0 1467.9816872736376 0.21560547 0.020209 0.46224325 -2.05669231 -3.38401506 -0.84788043 -1.14652944 -3.31482138 -0.16947657 0.11305393 0.37955677 -0.09028706 -0.32250542 -41.10142809763024 -764.8568163116121 -628.3628384259457 -17.79997698937602 -11.71543960066115 -2.0 -4.5 -2.0 -0.8622096096472736
0.0 1463.094659069734 0.20660372 0.02478224 0.76211196 -3.40938993 -0.20947586 -0.89318065 -3.23424382 -1.72574289 -0.67898278 0.91934668 -0.17193612 0.33318468 -0.29380879 -85.53522379870452 -749.8899203585062 -577.4654404031971 -21.216430664058933 -17.6248779296875 -2.0 -4.5 -2.0 -7.74979411948319
0.0 1453.485818122423 0.10753172 0.02320962 0.64594243 -0.09553634 -2.48305864 -2.28408374 -0.45923073 -1.99366998 -0.16354085 -0.08811165 -0.25082721 -0.91588636 0.24146078 -23.687461273553744 -1139.6086959415657 -257.504718748673 -12.302008752631751 -9.088913452494854 -0.2252602336198052 -0.6484065589699729 -2.0 -18.02919410822533
0.0 1436.4220904717174 0.17400971 0.02099708 0.41710874 -1.74197807 -0.04301418 -1.17403642 -1.81284135 -1.80264061 -0.30236379 -0.34185027 -0.43614336 0.88197685 0.32110814 -49.38516232649601 -667.544201747027 -709.7076702158224 -8.424098054515538 -6.5806589181157165 -2.0 -4.5 -2.0 -3.3440268604464105
0.0 1436.1511087103381 0.12527132 0.02016395 0.48132146 -1.90637496 -2.02111134 -1.60352514 -0.93599773 -1.00343251 0.09131289 -0.27929196 -0.82697536 0.90916074 0.48471872 -103.23009372812352 -736.7709921790101 -546.6071937422216 -21.216430664058933 -17.6248779296875 -2.0 -4.5 -2.0 -2.472502228615703
0.0 1435.5843829245348 0.33071823 0.02050307 0.41865275 -1.79849418 -1.55524356 -1.60457348 -1.1460043 -3.23234076 0.29532154 -0.39807829 0.74170531 0.47896413 0.64864411 -108.16957920486401 -978.3177732120229 -300.40068882958917 -21.216430664058933 -17.6248779296875 -0.1630974777199531 -0.11845951345378639 -2.0 -8.14020187894199
0.0 1435.3722973681595 0.45031979 0.02238031 0.41068329 -1.55469134 -1.83396571 -3.22152334 -2.85169599 -2.51325424 0.56898603 0.79058218 0.40490982 0.94429397 0.27441807 -71.36262834648335 -551.641227908919 -759.8019225205633 -21.216430664058933 -17.6248779296875 -2.0 -4.5 -2.0 -5.43729555482261
0.0 1431.0117102679644 0.16171448 0.02417036 0.66393562 -2.50050581 -1.15467947 -2.504455 -1.41674656 -3.03244385 -0.07040177 0.33634835 0.34973229 -0.54564118 -0.325804 -54.182137826118534 -514.9159784395277 -820.6210775014414 -21.216430664058933 -15.629902761019864 -2.0 -4.5 -2.0 -0.3067701759929605
0.0 1422.7333353046997 0.18909641 0.02025174 0.62885176 -2.68889992 -1.00403704 -0.26797879 -2.3747294 -2.1433292 -0.0721741 0.7960196 -0.01378949 -0.59499799 -0.21911922 -49.660594926900615 -1100.349604436512 -229.60594447554587 -21.216430664058933 -17.22950066252721 -0.00038416844872152326 -0.02287241553342007 -2.0 -10.926378518437652
0.0 1419.260967522527 0.17293639 0.02460533 0.84695479 -3.05690514 -0.6124288 -1.02972319 -0.40952737 -0.8769763 -0.32346047 0.64086262 -0.42679298 0.90850385 0.83454356 -49.898482571760006 -1032.632056639725 -294.02690625289205 -21.216430664058933 -14.642095096604777 -0.3223853618914463 -0.6066805855281062 -2.0 -7.388298132239348
0.0 1418.866764671174 0.21099711 0.0211328 0.48612798 -2.11006758 -1.0576116 -3.02374086 -2.97384093 -2.5578126 -0.53915416 0.83690432 0.34522907 0.86522854 -0.71856572 -19.25340071937361 -1249.2649428023888 -112.98868439047402 -9.439087825067302 -8.355385465585242 -0.6097224660494848 -1.5560028516511903 -2.0 -15.793741001937422
0.0 1403.9063423656808 0.33382929 0.02411363 0.5724177 -3.37893973 -2.25568805 -2.3745326 -0.29331346 -1.92579817 0.19215939 0.05770347 0.30650919 -0.05774127 0.77480926 -77.59119785434208 -772.7319121476264 -520.5232206604506 -21.216430664058933 -17.6248779296875 -2.0 -3.3191734449762818 -2.0 -1.8599519700318556
0.0 1402.2417191403968 0.28470606 0.02345599 0.56974852 -2.93349942 -0.62967853 -2.72095868 -0.26611322 -0.75652919 -0.30251119 -0.33556585 0.84690357 0.99776742 0.14620108 -34.35293404757041 -695.8682324363748 -629.2825720759101 -15.226995889185403 -10.318131395076684 -2.0 -4.5 -2.0 -10.357476521563079
0.0 1402.0742939752042 0.34028065 0.02458264 0.57330869 -3.3998599 -2.74392303 -1.07225028 -0.32693225 -0.53861368 0.08069366 -0.65331852 -0.22368039 -0.74172064 0.23441221 -41.48966258184985 -754.9299609182207 -560.3460608410052 -19.45276424750336 -12.650717863727664 -2.0 -4.5 -2.0 -4.8725526880900984
0.0 1381.986369686661 0.35007286 0.02364342 0.52245126 -2.77122669 -0.84835042 -1.16925417 -1.2844614 -1.88437587 0.07112628 0.75568934 -0.39752704 -0.02290379 0.34121096 -33.22295084382793 -685.3211728908615 -634.5258058561086 -14.86213454859873 -10.124478872330172 -2.0 -4.5 -2.0 -15.517750963477347
0.0 1381.468996233836 0.42257028 0.02063445 0.51060774 -3.47181855 -3.39342161 -1.39778919 -3.32379247 -1.23581849 -0.64042952 0.95695062 0.10504543 0.54533816 0.8627733 -41.05674576869855 -620.6764842891595 -674.7604504695822 -18.601004096775654 -12.16411786004125 -2.0 -4.5 -2.0 -6.227567202403894
0.0 1377.483617643351 0.26724856 0.02013237 0.58728268 -3.06715334 -0.82528537 -2.05619907 -1.96838696 -2.14014244 -0.11288206 -0.20057446 -0.4983043 -0.30214017 -0.98090867 -36.74618699122352 -582.0833581116813 -727.6550624419353 -12.857901929338178 -9.0902345689814 -2.0 -4.5 -2.0 -4.536252190676165
0.0 1376.9783500583824 0.46715818 0.02499381 0.51230517 -3.13932933 -0.20337822 -0.68198602 -0.9680131 -1.58135922 0.84802769 -0.57397351 -0.4123176 -0.82582444 0.15296636 -41.73993333109668 -821.6280975034748 -468.5022766021257 -17.269940211169953 -11.423851826371724 -2.0 -4.5 -2.0 -8.419518169112031
0.0 1376.094915867938 1.73838995e-01 2.07982492e-02 5.88488875e-01 -2.35196573e+00 -2.70090223e+00 -2.74950671e+00 -1.32037650e+00 -2.93234928e+00 -6.98409726e-01 -8.19884386e-01 -9.84965545e-01 7.78966996e-02 -6.58370219e-04 -30.227654909870036 -544.5055323643642 -751.1885138894536 -12.669265446497906 -8.990529395174402 -2.0 -4.5 -2.0 -20.896854053022345
0.0 1368.6853512227365 0.34903345 0.02414942 0.57640659 -3.48575951 -0.88539983 -2.21698674 -0.62072793 -3.2468107 0.17310094 0.43529436 -0.08683826 -0.41664633 0.66917445 -62.80686238589166 -981.5691323390208 -286.6904134991294 -21.216430664058933 -17.6248779296875 -0.270327373982147 -0.38975688130743563 -2.0 -3.5271147948602293
0.0 1367.986892830687 0.32521249 0.02112485 0.48323856 -2.32805375 -1.16283626 -3.20031185 -1.70868892 -1.84346787 -0.89184523 0.79199988 -0.50519212 -0.99694004 0.5870254 -31.54859932598193 -675.7287470279764 -618.9957350755616 -13.687539534633679 -9.510146538741033 -2.0 -4.5 -2.0 -10.714583719841743
0.0 1367.3476790443076 0.12862904 0.02030005 0.70485771 -2.28487372 -0.98541895 -0.32914731 -3.45316088 -0.12615607 -0.7548214 0.99337429 -0.02242626 0.37304407 0.77023095 -54.073671017350875 -609.1381310400513 -658.154096557744 -21.216430664058933 -15.011168932641116 -2.0 -4.5 -2.0 -1.893394618840874
0.0 1360.427568378937 0.14325325 0.02080717 0.62757165 -2.26072586 -0.60508259 -1.72501335 -1.08192535 -3.42416874 -0.40648706 -0.82903191 -0.69539498 -0.01726471 -0.52746344 -51.53718508956777 -1178.815032285427 -84.59821244393783 -21.216430664058933 -16.578579890990103 -1.762864266968279 -3.8492350103916557 -2.0 -6.99013939296609
0.0 1338.2803370556246 0.33451699 0.02362657 0.48823039 -2.18444488 -3.39684618 -0.0886409 -0.00473759 -3.44008818 -0.1325029 -0.11164709 -0.43710477 -0.20345498 0.24448998 -61.44332828755853 -1081.849989136753 -171.80607476177914 -21.216430664058933 -17.6248779296875 -0.17990927719324837 -0.8311416186742289 -2.0 -3.4758167032320206
0.0 1329.2261790533844 0.16223467 0.02448886 0.82162272 -2.68173468 -2.7574505 -0.62151358 -3.36998338 -0.15256641 -0.57974016 0.62076654 0.65518279 -0.45519482 0.09064364 -50.193044320578174 -585.511757048157 -651.5453935434107 -21.216430664058933 -15.214750288607801 -2.0 -4.5 -2.0 -6.098961190811918
0.0 1325.0551361824519 0.1680171 0.02054862 0.64216704 -2.40889736 -2.20663961 -3.20618 -0.76774193 -0.94994897 -0.15473018 -0.03407455 -0.83457262 -0.94922648 0.21524058 -23.92940442185291 -1175.5358370510337 -86.01324883408242 -13.168950732768009 -10.296274736549947 -1.0878107758690572 -2.7918968440591274 -2.0 -14.40275565716903
0.0 1320.3026168134897 0.15391012 0.0233711 0.69809626 -2.37269606 -2.99305937 -1.45667198 -0.99124667 -2.38026733 0.34177279 0.7909477 -0.67060678 -0.94103142 0.73773551 -51.95133979952391 -1031.367373947135 -196.97155949206547 -21.216430664058933 -16.3537666523896 -0.0032592215039654775 -0.075718754764708 -2.0 -5.115687651010163
0.0 1319.5936345028297 0.40809276 0.02278114 0.43829472 -1.69797267 -0.04301883 -0.0472518 -3.07982868 -0.10567178 0.84735784 -0.74945458 -0.89453969 0.02592882 0.80175744 -45.273595216362025 -1089.1132378425102 -140.49894509557063 -21.216430664058933 -16.237715313644536 -0.34116926764389066 -1.3080108813596834 -2.0 -4.313512532339604
0.0 1319.3069563668844 0.4356618 0.0215854 0.50839219 -3.10266165 -0.54431552 -1.22481394 -2.65375964 -0.13377561 -0.36351515 -0.69602918 0.77384086 -0.00694199 0.40467948 -49.05729189117886 -518.5105635934508 -708.0973548515451 -20.691824059341712 -13.367662146102754 -2.0 -4.5 -2.0 -1.3689379612102819
0.0 1317.412850360425 0.42186744 0.02467293 0.47493775 -2.04312331 -2.77404538 -2.65957035 -2.43590078 -3.41374598 -0.94187611 0.01579341 0.91892248 -0.24539402 -0.8636364 -34.36198295994493 -559.4324127762218 -694.634812740951 -12.846982497256896 -9.084463024383316 -2.0 -4.5 -2.0 -0.44630236812636503
0.0 1315.7907009291707 0.25880456 0.02382459 0.4078661 -1.43614152 -1.91075355 -2.60061555 -1.01851077 -0.80535896 0.54916213 0.76685449 -0.86234521 -0.63589525 -0.36503068 -39.99659506937241 -526.4622648613192 -693.8413567544591 -19.375795491361473 -12.606302477376916 -2.0 -4.5 -2.0 -16.630535706535756
0.0 1313.264961903921 0.12764738 0.0208368 0.84007448 -0.40331457 -1.94360211 -1.31992642 -3.43500652 -3.29367261 -0.16662071 0.08975589 0.94704992 -0.62678215 0.26169266 -84.95312024468095 -556.6038900120482 -619.1973054680468 -21.216430664058933 -17.6248779296875 -2.0 -4.5 -2.0 -7.69507661064844
0.0 1312.2424520953775 0.44802538 0.02426107 0.47815207 -2.17083926 -0.35106664 -1.07177955 -2.12303456 -0.34013138 0.12117722 -0.25105778 0.24549503 -0.05847573 0.45097136 -49.08254686621297 -551.242960293196 -688.1377694882758 -7.030892933179292 -5.962727392243207 -2.0 -4.5 -2.0 -3.3080649308136882
0.0 1311.9115118135514 0.10017734 0.02359378 0.56897875 -1.83218755 -2.74809391 -1.90978689 -1.51220013 -3.05845305 0.11528005 0.8826143 -0.35776221 -0.50779531 0.75781403 -36.329170774413235 -524.3846730527436 -703.3840166503782 -16.67946483717693 -11.097461042431753 -2.0 -4.5 -2.0 -11.867665738233752
0.0 1305.4116693121055 0.15639404 0.0221599 0.82411777 -2.64433646 -0.05448463 -0.26487377 -1.39047201 -0.61502021 -0.3008869 0.6682469 0.02659372 -0.13064065 -0.25082714 -93.8656684033925 -1053.5426179531992 -113.72257663949645 -21.216430664058933 -17.6248779296875 -0.9706471853103392 -3.1161839515479803 -2.0 -5.8525090868586895
0.0 1299.8486081563306 0.47454643 0.02327345 0.43105069 -1.44460197 -2.12718883 -0.16338026 -1.29433638 -2.18252911 0.26100534 -0.40618438 -0.74799534 -0.6671884 -0.34844522 -23.761800605422962 -1191.5240831602564 -65.51558110398655 -9.241002771703602 -7.966793616006577 -1.7023847151816232 -3.6537743206544646 -2.0 -0.04624901889334829
0.0 1283.9937298962368 0.29027067 0.02137635 0.57501907 -2.85379452 -1.90206158 -2.9752916 -2.29387581 -0.54108424 0.83383724 0.26946407 0.78731124 0.00827621 -0.19861885 -43.17912020616266 -518.3898242907476 -692.5098602796206 -20.374178965447243 -13.183095663606926 -2.0 -4.5 -2.0 -3.7125287507453617
0.0 1282.4508636012306 0.12265465 0.02351474 0.79687501 -2.17876389 -1.72263693 -1.1189002 -1.70225613 -0.97875502 -0.78605425 0.58640985 -0.72167827 0.8846403 -0.82562445 -38.90116601143628 -732.6185669007507 -474.35971429341004 -17.23223574180683 -11.403109563279024 -2.0 -4.5 -2.0 -0.9789373855538059
0.0 1276.5462264714683 0.25608001 0.02263343 0.50571944 -2.08351866 -2.40583178 -0.82738149 -0.36290681 -3.37785785 -0.55220857 0.40548355 -0.06805766 -0.85306046 -0.4913354 -38.26693223269046 -1153.6491735382128 -41.97868360623325 -19.466425109143724 -15.1083534638704 -2.0 -4.701917117817925 -2.0 -5.279378533261976
0.0 1276.047859929371 0.21088832 0.02363818 0.78381189 -3.15464112 -1.75152941 -0.6207813 -1.79449989 -1.31706759 0.58730312 0.60425872 -0.54259142 0.10285367 0.46521249 -59.657221123236916 -673.1360309342615 -495.5225079361032 -21.216430664058933 -17.6248779296875 -2.0 -4.5 -2.0 -0.8891578841202412
0.0 1273.1610750141558 0.10977109 0.0226636 0.69743595 -1.99680769 -1.16216345 -2.29837495 -3.24265313 -2.83662925 0.9990161 0.86425091 0.09962478 0.2030524 -0.31953591 -18.99825786124852 -1060.1805763702205 -171.62507753924825 -8.924484973103409 -8.11168868675956 -0.007723307637028233 -0.012651125122451872 -2.0 -6.1874000660312936
0.0 1271.8768296872468 0.13686657 0.02477092 0.56141131 -1.92463172 -0.66491426 -2.22036278 -3.29621887 -2.57911435 -0.9868179 -0.63124971 -0.01891624 -0.02685578 -0.85637819 -58.47131274374013 -1110.083700614662 -56.14955585364615 -21.216430664058933 -17.6248779296875 -2.0 -4.6364252302964255 -2.0 -0.9787719780647923
0.0 1268.3064759721494 0.10841256 0.0231493 0.79429731 -2.02411921 -1.74320599 -1.41375355 -0.33345525 -2.23930886 -0.37513371 -0.72424385 -0.60579123 -0.62455233 -0.88031397 -74.81969682322611 -931.5652757791465 -206.7064735746495 -21.216430664058933 -17.6248779296875 -0.003630365050790609 -0.05868204246622323 -2.0 -17.88176250896108
0.0 1261.6323109606205 0.36926485 0.02194953 0.41674708 -1.38858165 -3.10034231 -1.84269558 -1.05757173 -0.8358681 0.84200279 -0.72151711 -0.3745362 -0.22009619 -0.04507356 -43.96713128591238 -1136.8495095993835 -39.83213972796277 -19.240929339867748 -17.055517594508476 -2.0 -4.347733639329715 -2.0 -3.01351478518504
0.0 1258.2690353472447 0.27133966 0.02077617 0.86551711 -0.14144213 -3.22266173 -2.15745865 -2.85128188 -0.30292731 0.14115781 0.81216145 0.82497846 -0.19368443 -0.36077606 -61.661566610935964 -515.0005230275111 -637.6171787880196 -21.216430664058933 -17.6248779296875 -2.0 -4.5 -2.0 -0.011733940407254619
0.0 1257.228452766732 0.40825946 0.02433501 0.5166198 -2.51471492 -1.23182594 -0.01641082 -1.40157464 -2.42089821 -0.34450834 -0.31128708 0.012126 -0.1626998 0.39853552 -94.13743387839489 -654.9220092463069 -465.91465642406763 -12.60823483905954 -18.530924820091105 -2.0 -4.5 -2.0 -3.655776139324741
0.0 1256.3724624588017 0.23875882 0.02099814 0.64395352 -2.87560865 -0.02759258 -2.59123101 -0.93149675 -3.38608962 0.58538763 -0.13925647 -0.123713 0.54206673 -0.95339687 -32.971178482914056 -552.0185793002604 -625.6846685257398 -15.12563112840846 -10.264719891962978 -2.0 -4.5 -2.0 -12.66367543744627
0.0 1255.464152961256 0.26210706 0.02068769 0.66191998 -3.2701351 -0.56406062 -3.39499526 -0.70875405 -1.1434043 0.35952947 -0.78901001 0.51212991 0.41419431 -0.90667087 -33.90395115187573 -879.7352474598333 -308.37699510575027 -15.893238577266025 -10.669190512033587 -1.375892579429206 -1.950552999669633 -2.0 -2.46739407294402
0.0 1253.9358208358472 0.23021251 0.02339596 0.66824853 -2.82005256 -2.50305874 -2.1654864 -0.60965485 -3.09879997 0.34043905 0.09919235 -0.04992747 0.37575322 -0.17821772 -28.01766582266371 -869.4241989792066 -326.9338909156512 -11.61831920717595 -8.642021292875004 -2.0 -2.6336864805150313 -2.0 -4.194370263168624
0.0 1251.5298587195025 0.10916039 0.02279816 0.7415684 -1.9773004 -3.03157122 -2.50513243 -1.73712561 -0.64892327 -0.78537151 -0.08312426 -0.05010981 0.96690364 0.58423162 -31.169762600674805 -898.961971680331 -287.2843528232703 -16.537784141386123 -11.01898602872194 -0.9794971607099835 -1.5097524591125282 -2.0 -4.473713941640526
0.0 1249.7415398298856 0.21954023 0.02005568 0.59832959 -2.47986647 -2.0117579 -1.90992799 -3.2409512 -1.18393877 0.58198748 -0.95543257 -0.97378117 -0.3082287 -0.64219287 -53.23187625013816 -1106.2841422520125 -43.2204618894949 -21.084633385746553 -17.6248779296875 -2.0 -4.6530358328245764 -2.0 -1.4308311795982644
0.0 1248.71558512347 0.10073721 0.02382871 0.56554967 -0.11681987 -1.63410475 -0.33156622 -1.50774239 -3.17196888 -0.55904665 0.97075691 0.5925254 -0.56398943 0.13704361 -46.86121129115024 -852.8633910112603 -300.9646012932542 -21.216430664058933 -14.08444582970015 -1.1078346859918589 -1.5260952152987268 -2.0 -9.117529839170993
0.0 1247.0179350221647 0.1431593 0.02181614 0.66790689 -2.16553896 -2.02259595 -3.26806773 -0.19341684 -1.168361 0.269757 -0.79644339 -0.97818325 -0.66812511 0.05991679 -29.143567740888532 -658.3221681733731 -534.0643783686521 -6.7226747283418815 -4.232573286696339 -2.0 -4.5 -2.0 -7.730222825517934
0.0 1244.7876756063392 0.24258566 0.02111313 0.86074733 -0.19654978 -2.01308428 -3.08837087 -1.2055856 -1.41258801 -0.33604354 0.08052344 0.07488188 -0.68461606 -0.40664341 -53.07060862259144 -1039.5102815920502 -110.65888238463857 -21.216430664058933 -17.6248779296875 -0.6190063366798979 -2.2196416658342155 -2.0 -0.09820582662385181
0.0 1240.1025090066407 0.32526831 0.02021637 0.877277 -0.20613513 -0.18994492 -1.92206829 -3.10609872 -0.88646729 -0.17847032 -0.97223954 0.8646262 -0.24665454 0.57541151 -84.45288085435656 -634.6597600313016 -485.793930185215 -11.471109365482143 -17.96667392436999 -2.0 -4.5 -2.0 -1.9433212456138702
0.0 1237.5332341563021 0.22559802 0.02214664 0.80816314 -3.47496245 -1.8813458 -1.43462232 -3.28926177 -0.67325389 -0.76018676 -0.49411553 0.45515094 0.3085142 -0.28925951 -163.12739996695947 -655.0929081312919 -357.0807183388943 -21.991699218758935 -26.9383544921875 -2.0 -4.184559134436329 -2.0 -7.686869724112195
0.0 1234.6971691158155 0.44039996 0.02118582 0.44992117 -1.7525895 -1.4704019 -0.82134954 -1.56145696 -2.9903659 -0.49491514 -0.27965134 -0.2247953 -0.15198294 0.43410956 -15.123453660575331 -1052.6543371471275 -156.5807022709585 -5.164106695610911 -5.869090093340631 -0.02724969655437927 -0.07639701924760567 -2.0 -0.037897572887119174
0.0 1231.06779374523 0.4842157 0.02009809 0.5083975 -3.18408938 -3.47028565 -0.3814778 -1.59067128 -1.56890381 0.09508427 0.84403245 0.59733249 -0.29917681 0.1996761 -43.04732350987206 -516.3834913925753 -634.2678597756961 -18.65781103053797 -12.19643003010217 -2.0 -4.5 -2.0 -1.6442533770318473
0.0 1227.8701646593859 0.25187206 0.02024066 0.40168393 -1.40736404 -0.89440053 -1.49015979 -0.73808851 -1.21036705 0.88206417 0.29260089 -0.47520389 0.70879428 -0.19773307 -29.640515744758147 -539.2061781792033 -627.4509487116767 -9.880592815714538 -7.661436946110543 -2.0 -4.5 -2.0 -8.728121347766516
0.0 1223.0003938308728 0.11974473 0.02210365 0.44616368 -1.61826712 -0.25767174 -0.59653266 -3.43610975 -2.96641784 0.62242393 0.10512999 -0.80000744 -0.733333 0.50286296 -85.89745339992056 -555.5538773158213 -531.5963402202136 -21.216430664058933 -17.6248779296875 -2.0 -4.5 -2.0 -7.481185129684081
0.0 1222.8823957383433 0.25821755 0.02332303 0.59035865 -2.51112428 -3.22896944 -2.85783703 -2.71138315 -2.88452967 0.0598463 0.56236416 0.40781571 -0.40923002 -0.0642313 -106.3731257294442 -819.1165263114175 -256.0618018980179 -21.216430664058933 -17.6248779296875 -0.3522657890495322 -0.23883056858587196 -2.0 -0.0165349406112608
0.0 1222.1342639361048 0.25102068 0.02322179 0.61858812 -2.64606172 -3.21851468 -2.66266418 -1.49182438 -0.36893876 0.39273194 0.96831239 -0.48537007 0.87222212 -0.36995569 -39.617114190230566 -751.998093237374 -386.8305349945947 -20.274053129455798 -13.124917924642588 -2.0 -3.0256520761149313 -2.0 -4.0120301859306045
0.0 1216.6770662431184 0.44921781 0.02265822 0.50262968 -2.4692968 -2.53632882 -0.74736173 -1.67016924 -1.04014858 -0.15711433 0.76828836 0.12034552 -0.18418518 -0.21069213 -35.67806722648421 -796.7339093282603 -349.24183450801246 -18.40374171480471 -12.051913676313676 -2.0 -2.6120088062313296 -2.0 -3.412788675997862
0.0 1210.0513743669087 0.14551668 0.02076374 0.8012108 -2.3332859 -0.23837326 -1.22901725 -2.90800059 -2.80079496 0.21432028 -0.39755213 0.88145467 -0.71804924 -0.88059437 -31.71597574546456 -532.3580779394637 -620.4528332813553 -13.348335347072203 -9.339345046752296 -2.0 -4.5 -2.0 -0.9624988830104387
0.0 1205.9848986740121 0.39366911 0.02267027 0.44429494 -1.52415897 -2.66484742 -1.57407713 -0.23316248 -0.03516518 -0.79975679 -0.47697745 0.9087397 0.49287861 0.59560029 -27.782652746432305 -1107.5742957062616 -41.03579587222549 -12.089630961183637 -9.342699442998203 -2.0 -4.497120794914242 -2.0 -3.7291788428930532
0.0 1205.4074874367188 0.14344597 0.02033496 0.8920772 -2.37326152 -0.19304284 -1.11987653 -3.14958056 -2.90450542 -0.16121215 -0.6340345 -0.05289788 0.29589162 0.30851928 -49.19967761455465 -515.6940908634754 -595.1615046628771 -21.216430664058933 -15.21401436053886 -2.0 -4.5 -2.0 -0.9991805085073611
0.0 1203.8334029396667 0.1439409 0.02338442 0.75077502 -2.22107231 -0.64989791 -0.79872796 -2.62269439 -0.18621035 -0.01164286 0.58628564 -0.70761275 0.80879354 0.71280059 -18.979787619541256 -1138.6552256293107 -24.301209091605344 -4.144134107594069 -4.028095885216176 -2.0 -4.589792303331746 -2.0 -6.709242800119463
0.0 1203.2961467630334 0.43352246 0.02258272 0.85320512 -0.01648775 -1.01542003 -1.93703329 -0.56118557 -2.57890554 0.14210881 -0.79541929 -0.31729015 0.37589517 -0.99201996 -35.3044247477095 -1058.9624603149543 -64.14232820926769 -19.783610954990483 -13.878916029019319 -1.5871185675375843 -3.775600074014441 -2.0 -4.398944042173603
0.0 1201.1072314175894 0.368994 0.02030736 0.43038607 -1.49436224 -1.790322 -3.47370405 -2.15809972 -0.35419176 0.58317324 0.01645017 0.65015044 -0.5765069 0.76197219 -163.25227175610468 -734.5587060055312 -248.80159407006107 -21.991699218758935 -26.56074684840631 -0.864595387350766 -4.518306082545422 -2.0 -0.7482273942751285
0.0 1200.468373764304 0.10225406 0.02117342 0.45557074 -1.60439848 -0.66329955 -1.34438633 -0.50425544 -0.53689234 0.89846757 0.94312605 0.77092893 0.5744228 -0.10969601 -56.99395302638217 -518.2535608817253 -572.6738128992945 -21.216430664058933 -16.538637348402197 -2.0 -4.5 -2.0 -6.9308365977260324
0.0 1200.2612129547763 0.10971732 0.02061991 0.77228434 -1.91207454 -3.29011324 -0.35903531 -1.03942863 -1.3367057 -0.13072997 0.97179907 -0.42207273 0.4307833 -0.97625667 -112.91644561802039 -870.0461882672358 -174.63867891387864 -21.216430664058933 -17.6248779296875 -0.0037760846768236135 -0.32844638598775844 -2.0 -1.693529900757888
0.0 1196.5968044044537 0.24930696 0.02145571 0.63980691 -2.79245625 -0.76519512 -0.25217628 -0.45545265 -0.8595175 0.49252054 -0.93643425 -0.52515365 0.54120081 -0.07923882 -47.72461990806275 -1062.4190830812124 -41.04032178406242 -19.122478808182613 -17.1532519620904 -2.0 -4.1695086653050915 -2.0 -4.631948745860555
0.0 1192.0067451951109 0.18226325 0.02098975 0.82816767 -0.29833211 -2.45436917 -2.78196632 -3.05775201 -3.40633439 0.86707791 0.67839691 -0.3235839 0.62619781 0.98644681 -32.08177612234892 -829.1637610804469 -303.67468781230497 -14.964364542327655 -10.179726683756986 -1.6522193194490873 -2.127841142286771 -2.0 -0.7524277015324834
0.0 1191.8323949850544 0.15802041 0.02243254 0.78193124 -2.38600698 -0.83659325 -2.71237914 -0.81656978 -0.98466722 -0.145576 0.75655574 0.78282341 0.34460269 -0.91427954 -56.618920320201156 -587.5615370269359 -526.6691419955173 -4.860151835277513 -5.288900375920564 -2.0 -4.5 -2.0 -2.508093641258512
0.0 1189.5065531055454 0.14947489 0.02010071 0.89091193 -0.51561282 -2.47611482 -1.92760111 -1.52686171 -0.45858458 -0.22915318 -0.90690127 0.78950544 -0.84285917 -0.2928368 -27.784591802808563 -1068.157966511557 -62.34553969478764 -14.910965917231096 -11.312487146880102 -1.4130200398609543 -3.5056759446288503 -2.0 -0.40214792729993687
0.0 1185.9934664394607 3.96200383e-01 2.41636656e-02 8.86749325e-01 -1.07107479e-01 -1.14117148e+00 -3.20929490e+00 -1.98193618e+00 -1.90244058e-01 4.90347101e-01 4.89390202e-01 -2.67493988e-03 7.21401741e-01 -7.97098770e-02 -53.272534816935114 -532.7741445792357 -576.3014607886226 -4.702190107454133 -5.251858732448282 -2.0 -4.5 -2.0 -8.704364080849695
0.0 1184.1830215180942 0.21234758 0.02076562 0.54387325 -2.07820313 -1.84212636 -0.94085222 -0.4327708 -3.30506897 -0.34265893 0.14948545 -0.71601862 0.84536193 0.00727749 -155.85033084352793 -694.1172440061061 -269.4084711906075 -21.991699218758935 -25.557600857275013 -1.5101881667456418 -4.699467633309618 -2.0 -10.858464523129976
0.0 1183.989287924377 0.43195889 0.02161851 0.40787479 -1.05613158 -0.31603764 -0.36805385 -1.39450191 -3.21716838 -0.29744614 0.09994541 -0.11883472 0.14824715 -0.47353124 -59.102505959106445 -761.7287632792543 -315.22859409530446 -21.216430664058933 -17.6248779296875 -1.6738138263466182 -1.8900157954659154 -2.0 -3.7180199688698647
0.0 1180.539279569126 0.10258187 0.02229335 0.75542868 -0.49068028 -0.56028542 -0.1288614 -2.7262689 -1.76431363 -0.83349803 0.3758753 -0.57849461 0.7461823 -0.12353182 -47.96771974305421 -524.9656637745823 -569.6167696864883 -19.741119846535916 -12.817115581183588 -2.0 -4.5 -2.0 -0.3808992925330303
0.0 1174.271257392752 0.1010281 0.02391544 0.88479472 -1.75248384 -3.49349418 -2.09916153 -2.49302807 -0.6991905 -0.20118886 0.43213978 -0.93771536 0.54594 -0.21037783 -15.513681364273925 -529.3323114355786 -578.0866765076095 -21.991699218758935 -26.9383544921875 -2.0 -4.5 -2.0 -0.1765565507174677
0.0 1173.7280432270773 0.18679134 0.02082571 0.76802167 -2.64609446 -0.96900665 -2.81157489 -2.67582024 -1.19611854 0.15428316 0.79606916 0.5186296 -0.06636125 0.54521176 -39.02071093895091 -997.8876897154631 -91.93801120843682 -15.594473419236728 -12.841029287168082 -2.0 -4.5 -2.0 -8.489342823496436
0.0 1166.3455541791018 0.20834176 0.02149522 0.84392665 -0.28095719 -2.18550297 -1.66920786 -2.93127901 -2.97351229 0.44042915 0.29053573 0.54849663 -0.15508771 0.97953223 -23.58318898395095 -1029.873992319335 -93.97979411506172 -10.34540343406979 -8.775620668541215 -0.3896909493183328 -1.4100367991074727 -2.0 -3.3703159576927426
0.0 1165.1236314522937 0.1619784 0.02051786 0.81335018 -2.4346437 -0.65745551 -1.85672922 -0.73101229 -1.87844841 0.42115216 -0.65531136 -0.68126353 0.41209794 -0.46750718 -62.63122901870417 -597.6576666548253 -477.7615272643101 -7.648205311020407 -11.49618832656765 -2.0 -4.5 -2.0 -0.650737603674086
0.0 1163.402646728356 0.10154025 0.02398402 0.70255408 -1.79231605 -1.38966753 -0.68672214 -1.17403017 -2.32217364 0.56963591 0.44175562 0.57197086 0.77620654 0.99674403 -22.711975249292475 -1070.5358362895252 -42.065126235519045 -8.886673990478855 -7.479661855809114 -2.0 -4.112553335017242 -2.0 -5.33180449665171
0.0 1162.422735416263 0.19516364 0.02403702 0.81071275 -2.74981688 -1.0961806 -1.43049555 -2.00855887 -2.89525591 -0.41009137 -0.95810425 0.31087943 -0.53462015 -0.65979191 -57.61051577302199 -1008.6628092750192 -40.84629295774473 -20.91514161030666 -17.6248779296875 -2.0 -4.628238680526937 -2.0 -9.114770502049089
0.0 1160.428800800133 0.24536598 0.02036253 0.60722038 -2.51240308 -2.26234655 -3.42625008 -3.29407475 -1.31787544 0.99471176 -0.82745737 -0.01703697 -0.29079747 -0.1765193 -16.89762340355408 -1022.91506285911 -94.43077237216173 -7.86333135143939 -7.29675466469654 -0.2974356566637952 -1.1084287270856172 -2.0 -9.613326381551804
0.0 1159.0955811807944 0.33446752 0.02233828 0.52274853 -2.21598936 -2.40686367 -0.90336519 -1.97348201 -2.99217459 0.29808708 -0.26558558 -0.24035671 -0.72252489 -0.8154822 -38.521925993004714 -785.3525624918965 -294.2609130313453 -18.219669565059327 -11.947212186334696 -1.6396786712932105 -1.995357923319565 -2.0 -6.491480937879606
0.0 1157.198261107042 0.33460336 0.02460332 0.77378806 -0.02416991 -0.87162047 -0.16665531 -1.17689543 -3.41652654 0.48047918 0.30195646 0.84043077 -0.84959762 0.23128451 -40.13376893573687 -588.6321676611143 -490.02721953952584 -19.109628443134405 -12.453426845550513 -2.0 -4.5 -2.0 -0.23936975573276917
0.0 1152.1729322670606 0.35098518 0.02417135 0.55276388 -2.439872 -0.56423154 -0.92338892 -3.17167716 -3.14564594 0.78538228 -0.62688239 0.49399073 -0.91480587 0.23624369 -99.50383623661156 -729.2281151325307 -256.1956521426359 -21.991699218758935 -26.9383544921875 -0.9882000631273332 -4.583149559209455 -2.0 -15.769254261980587
0.0 1148.3409574651887 0.2104032 0.02115538 0.85057126 -0.29573194 -3.33410325 -2.54357939 -0.09659326 -1.45305671 -0.29933823 -0.53373203 -0.04785309 0.82964096 -0.44580849 -31.188982399360164 -592.3741356942363 -483.1635489666543 -15.53134771583349 -10.478501610643491 -2.0 -4.5 -2.0 -10.93641588033291
0.0 1147.5819901408036 0.29074458 0.02108012 0.6213545 -2.92502307 -0.63961376 -1.799862 -3.18478406 -0.08112917 -0.7098139 -0.26090655 0.95943654 0.83388556 -0.70818164 -64.23063323873203 -590.3148879751179 -470.469866328984 -5.4123072429149 -7.646791757517212 -2.0 -4.5 -2.0 -1.7664709219226848
0.0 1146.049997682249 0.28978576 0.02186212 0.68936568 -3.46364263 -2.5797026 -2.54399663 -0.63585322 -2.60375965 -0.89434905 0.81950024 -0.24107248 0.98363699 -0.94759621 -28.63090567294144 -739.1932894306692 -349.14856152323284 -12.45178061178908 -8.925475295485596 -2.0 -3.1446181219466114 -2.0 -2.087359484738617
0.0 1139.2258213831642 0.25800187 0.02483206 0.48065605 -1.62408652 -2.2089592 -2.29960223 -2.12273527 -2.69120959 -0.80285659 -0.57125251 0.48085029 -0.77893064 0.55953698 -20.106126559958298 -806.8133140705576 -297.55031697239724 -7.422892933122813 -7.244809963612131 -2.0 -2.8536353738980877 -2.0 -0.05890180870303834
0.0 1136.9083482781398 0.26860143 0.02322396 0.77415696 -0.09358504 -1.39935847 -1.70610482 -3.31579433 -0.78089579 0.70227097 -0.88294873 0.79844088 0.17438145 0.55299566 -61.26432814242097 -586.070691301299 -425.8641062360269 -21.216430664058933 -17.6248779296875 -2.0 -4.5 -2.0 -18.68538710967089
0.0 1130.1657113587667 0.12891854 0.02046021 0.7723855 -1.98393133 -2.87332404 -3.44867478 -3.14327275 -1.46474171 0.44449163 0.097321 -0.52835809 0.18486104 -0.71963533 -66.35630919319755 -686.4673260919093 -343.9072103393293 -11.073923183515614 -17.181571758388714 -2.0 -4.496853556139022 -2.0 -3.4251541556603833
0.0 1122.6806773952526 1.97656819e-01 2.10206839e-02 6.54560669e-01 -2.31745386e+00 -1.74973653e+00 -3.66405980e-01 -1.93679910e+00 -3.16965370e+00 9.67744372e-01 2.42936649e-01 1.80999463e-01 7.17192143e-04 -4.09686459e-01 -38.85763389615678 -1011.9147831715758 -32.14621859943338 -18.514624772098124 -14.319424595572595 -2.0 -4.664105404993895 -2.0 -5.748920918936052
