0.0 18608.519168455634 0.42614656 0.02391816 0.64236559 2.63528581 -0.63585187 -8.2450973 -0.31881398 -3.49217802 -149.0078422990078 -4433.186734057024 -13331.724622931435 -0.8874417797063587
0.0 17914.806641067174 0.43459417 0.02140717 0.77035222 2.58809783 3.66215986 7.79887697 0.12206207 -14.06572392 -131.004915840218 -4941.628233496154 -13527.372279082003 -8.51374003725816
0.0 16675.898749058197 0.31824542 0.02296865 0.52424196 0.32241253 2.95776649 11.62098059 10.85437242 -5.40492499 -149.0078422990078 -4433.186734057024 -13331.724622931435 -0.8874417797063587
0.0 16305.908871945227 0.4808147 0.02427189 0.76195493 0.26024841 1.73031364 -0.06009313 3.32957378 -7.60928237 -136.49066009075673 -982.141223576583 -15555.140348417823 -2.126516973035415
0.0 15971.228326711993 0.35534094 0.02432764 0.72361706 3.52548548 -0.08359807 -7.2017949 9.88619534 -5.71032804 -134.787355038878 -2104.9050228341325 -14054.233916668518 -11.982577403697327
0.0 15738.120214337749 0.49005321 0.02191855 0.84292876 1.44271999 3.51747119 -4.27981553 -6.87662498 1.19648666 -112.90084311939383 -5400.762622096545 -10444.981683737466 -12.583177758587647
0.0 13907.464338111786 0.18496515 0.02211643 0.56563394 -0.1406036 1.93325904 -14.87790972 3.31023305 -0.33891651 -151.48338924414603 -3889.3090651195307 -11697.30344248602 -0.024317488052300364
0.0 13498.018227454639 0.22076608 0.02253703 0.68504755 2.48799059 2.72046702 -1.5581212 -7.75986518 -10.18803312 -145.82583641404077 -4377.2688351762545 -9384.347694745222 -0.021971776267952978
0.0 10607.517566709541 0.21224573 0.02134602 0.87341038 0.99361809 2.83201321 -1.84015538 -2.52107631 6.80193359 -122.38814396146756 -5303.744265478029 -8071.254156288666 -0.6316617264738903
0.0 7422.423028902569 0.10244902 0.02387754 0.74068997 -1.69942369 3.80772228 -5.49206138 -12.53335749 14.29210969 -132.75292032859227 -3917.4254826719434 -6556.265806753911 -1.0733569550939412
0.0 4233.711559446355 0.23974687 0.02281635 0.68232792 -1.04113381 -0.76830851 -9.71479695 -2.5930193 -2.48599687 -106.36390071682887 -863.0672994723501 -6444.838542990328 -8.153285723061451
0.0 3031.03051329322 0.43875912 0.02202727 0.67724628 -1.73138404 -1.6491809 12.8183918 4.70127702 -9.62032008 -130.43187617600512 -1324.2749280691148 -2777.506227366193 -1.4985278350424132
0.0 2604.172963130851 0.44656973 0.02428359 0.66760173 -1.79738693 0.99227617 12.17838018 3.22905808 7.16720316 -735.4109549040799 -1635.476372702688 -660.1430606680605 -0.00012501839125990342
0.0 2516.116679708841 0.40721273 0.02010191 0.6037145 -0.38741855 -0.69653678 12.59570836 -2.73293094 6.21028427 -497.76449862429456 -1541.6666478161433 -552.6344252093681 -12.107391481045015
0.0 2374.8759251122037 0.38274484 0.02239374 0.63883196 -1.36003009 0.67252887 10.72155507 -6.88198909 -12.65513625 -447.54856171323945 -1442.500818831206 -617.3738533774149 -8.693445786980295
0.0 2372.3741886473745 0.36375217 0.02002471 0.74461763 -0.14753261 -0.47355364 -1.87587714 8.35187684 6.40802976 -401.5987523707048 -1423.3456267493493 -549.6014855022855 -0.3300604898640436
0.0 2032.648178255828 0.1260664 0.02454101 0.68423663 -0.07893941 3.56056496 13.54925641 -13.54554867 13.2971057 -77.63875577854428 -885.6903545585822 -1399.6377822532852 -9.407296056962737
0.0 1983.2418203278098 0.47749719 0.0233906 0.55979314 2.11227594 -0.94253032 14.2210155 -11.75227997 0.58233535 -288.1713955121852 -1121.0490164328028 -608.4100361957721 -15.017730115067904
0.0 1668.9990944121814 0.46477596 0.02249183 0.76347872 -1.84966832 -0.05756012 -1.60756514 -3.11083435 -5.62314529 -275.5755368928533 -1134.5027911937786 -568.724574738502 -4.4389175026759204
0.0 1496.9844383546265 0.25615337 0.02046743 0.69942251 -0.2292642 1.77197325 13.92118264 7.07631999 11.9197491 -263.39247788161174 -1084.9558015640082 -320.1247627118514 -0.526052254709981
0.0 1350.1339653689463 0.23517712 0.02117912 0.49306056 -1.09415673 -0.28701541 1.87178571 -8.34004402 -14.92637323 -178.29406502521465 -964.4151956821934 -348.5793513820177 -5.695826265200892
0.0 1337.7806196846 0.26895116 0.02041752 0.78406471 -0.40814516 -1.93644749 5.0244399 9.40889098 -7.30572002 -55.91940035748918 -964.6294398857688 -327.9143206710326 -1.6708044546557346
0.0 1331.8114253994663 0.16196825 0.02056337 0.61473768 2.5496319 -0.50381481 10.09370483 -9.49749733 9.9382527 -211.41067361837105 -808.6750788380982 -311.6269752101874 -6.067892017943457
0.0 1210.7070347170768 0.22089586 0.0220323 0.79404812 0.93360598 -0.46781911 5.40328582 -5.14422314 -1.38716759 -109.02388562223805 -866.1155444260054 -351.6583860716778 -5.013609279545091
0.0 1202.6305892646778 0.46873238 0.02215628 0.65853979 1.31965925 -0.51648472 7.29771365 -6.10025722 -8.48368431 -161.25498325902174 -770.9338126402923 -278.5178812744172 -0.00035754334552444135
0.0 1170.7475149292832 0.2197218 0.02358736 0.69062862 2.19756164 -1.74052655 5.58541773 -1.66532455 -11.07837439 -119.64594055918447 -827.6071878806152 -255.33357875074353 -0.04388207413477622
0.0 1104.8141127715114 0.16142017 0.02123528 0.59076872 -0.01330031 -0.77284702 2.01251587 -1.58489488 6.90553281 -18.30073544750607 -1029.3819879875682 -117.25996263945524 -5.804828854753923
0.0 1102.644297328662 0.2832656 0.02330286 0.57839837 -0.34089601 -0.91792141 -3.7445835 -9.08240589 3.65440904 -52.405724261825036 -779.2400051807798 -271.7133292714357 -1.4550540574707682
0.0 1074.691929348756 0.2557883 0.02057095 0.54765166 -0.99987761 -1.83455034 -2.72167322 5.64090252 10.77458123 -49.91840240757635 -801.6977914215846 -247.13935048204954 -3.888753017451651
0.0 1070.564492274892 0.4668206 0.02090699 0.77931761 2.26987854 -1.97137186 -0.15763947 -6.47984418 11.50150216 -39.59907204921902 -796.9260426051901 -233.20520617735315 -4.961608516993958
0.0 1068.9031713726567 0.42679491 0.02081413 0.57706554 -1.39633523 0.94394406 -2.82501283 -6.19820395 0.39816585 -98.44084154427877 -748.3577995614644 -220.83865303914703 -2.9271981300018175
0.0 1063.3554960796598 0.45561415 0.02067565 0.49622181 3.31638373 0.04830813 12.73167912 -9.05142888 -11.96415413 -26.32365651169934 -905.7774867347836 -133.36600906337193 -3.4360190628020506
0.0 1054.6134571480063 0.37668156 0.02368253 0.49867916 1.72863906 -0.34467238 13.97013336 10.79330008 -8.48488117 -30.961744314433375 -793.1230971740094 -235.0001642612503 -4.270490329966527
0.0 1040.138523601156 0.35986178 0.02214048 0.70041887 -0.51826792 1.8183364 4.96029615 -4.06260017 -2.3642056 -24.6481153472064 -736.4282496715041 -287.00587094398514 -6.531221185310535
0.0 1033.6509598107616 0.13280724 0.02401666 0.44982098 -1.76860401 2.09349074 7.51044964 9.54757307 7.45520369 -62.046640824294556 -848.1886742010945 -129.86890704074932 -0.034301535017760565
0.0 1015.8727870845922 0.43642096 0.02326261 0.45993267 -1.04338035 2.29746019 -0.24776094 -6.85051303 12.19297523 -24.61724524519361 -854.2460986437293 -145.3673783543644 -9.420237567474258
0.0 990.2189438963532 0.25024806 0.02387871 0.79630822 -1.9428634 2.41282588 -4.56806254 -8.08768804 7.82629272 -20.079661391159608 -910.1638777761262 -81.98068561764828 -3.648562299658173
0.0 969.1033824228069 0.47576681 0.0246162 0.52375445 -1.95793292 -0.28887255 -4.98657385 9.24110998 -2.66987763 -43.81259035436486 -805.1933273247088 -133.04946934204975 -8.16355687522983
0.0 958.4657794384206 0.16907271 0.0206767 0.7594991 1.00028834 -0.36123222 1.44960688 -6.75405679 6.50932549 -26.995236563332345 -779.1961638636913 -146.98513069908205 -15.926851296701276
0.0 956.1050849054958 0.16029183 0.02437828 0.81584394 1.53772906 -0.20215766 0.33768152 -13.85345873 -1.76121016 -43.17486362889657 -753.4859201382147 -157.54114469839448 -4.263850972914828
0.0 953.2270957066481 0.15051862 0.02189386 0.57053577 2.38787434 1.15089709 7.84465542 -12.81822366 9.13753684 -21.92572690946972 -844.8983735927964 -76.13946543667483 -13.141518966554848
0.0 948.0245054298708 0.46148315 0.0228037 0.71179034 -0.05419343 3.11352202 2.31125533 -13.89286077 5.41494549 -22.043005022801907 -860.2743434697818 -70.87215133161813 -0.03759588244621939
0.0 946.9316110613697 0.11594291 0.02123984 0.78323035 0.49598433 0.70562933 4.54608734 -5.02042922 -8.25762032 -43.35470928245208 -836.1489703898799 -67.06953347841488 -1.4512922791239806
0.0 939.0671207336538 0.45116732 0.02362251 0.4352199 0.02501333 1.36152892 3.88267599 -0.3263101 11.93648371 -11.889388659939577 -743.0213341143028 -190.58269173222487 -1.4381965549025206
0.0 926.8898149022037 0.1093624 0.0226729 0.41392336 -0.38760167 -1.68143215 -1.4724419 3.57830829 -9.60463682 -27.329916567920442 -803.2251708102775 -102.44385468839803 -6.068178667057872
0.0 880.4338262093753 0.27588987 0.02496575 0.75761354 -0.01080052 0.52449133 -2.24111768 -8.55653042 9.00148491 -67.07653361147945 -755.0348928164043 -103.77111715357992 -1.0072713207401072
0.0 872.4739396527996 0.36960644 0.02134412 0.57064199 -1.31747654 1.66980449 1.46523283 2.60385634 7.43831265 -38.06592365271423 -722.0525332940401 -99.81102603650191 -20.50434322611893
0.0 850.4227625096715 1.59550022e-01 2.25413536e-02 7.59946630e-01 -1.47737255e+00 9.21380027e-03 -5.53384484e+00 4.41852690e-01 9.53469407e+00 -11.83241653124732 -830.5528367447512 -29.00927435231677 -1.0794120244843364
0.0 845.1066327877072 0.16979241 0.02492178 0.53570797 -1.87143 -0.57787414 -5.53127973 4.03274204 5.48234139 -17.728739518359504 -708.732224883512 -123.31952603732998 -0.6422720704700369
0.0 833.0140146881554 0.2167848 0.02119735 0.49827902 1.78924413 1.57208943 4.96690682 -13.1219608 12.69662184 -15.983342669498585 -728.878028177886 -80.34851698311226 -19.896744957210366
0.0 831.9667049551989 0.18823734 0.02380938 0.47992515 -1.91820455 1.08661439 -7.16955516 -5.19973595 12.1395017 -28.90458613597701 -765.8770357907475 -36.633253806099944 -1.5991389553310429
0.0 812.8008259784382 0.21551459 0.02288049 0.72204495 0.77276472 -1.01343361 2.19837831 0.68565531 -6.00953583 -28.321682882227947 -753.2913789903442 -42.787754772998085 -7.5658883096285265
0.0 810.8907720486518 0.45078984 0.02476368 0.63045444 0.39507784 -0.58189406 1.62587937 1.46001939 -4.55256319 -9.11556462374253 -777.2697599401675 -24.66586759070857 -1.7496338238195268
0.0 807.4968931979779 0.37221206 0.02100424 0.63768687 -1.11197341 1.91863497 -4.79952538 -13.19116646 -8.30258905 -11.209283708475313 -711.1716593186034 -70.72210660335548 -17.78772241821755
0.0 803.0040784996312 0.30912655 0.02089558 0.79562547 1.36886366 -0.53576793 4.47015239 -1.02404447 -7.67361019 -18.123761406420858 -748.2760880940974 -38.65904690366496 -2.437996793794686
0.0 790.8717423997508 0.14989746 0.0214535 0.52815367 -0.24849726 -0.53945163 3.2438948 9.31894489 10.30476618 -11.49562047890516 -775.4973346446983 -13.023616385719551 -2.987506990308129
0.0 783.4949420681005 0.43393384 0.02432953 0.65382182 0.86674567 0.24476088 -1.02649379 -13.87953165 -13.46531572 -18.937489882761167 -714.4089796227499 -56.76694775501382 -0.7583251392258988
0.0 782.9317538650905 0.14264515 0.02011796 0.5324277 -1.31279645 1.10935695 -3.73058352 -6.48306728 0.12398655 -7.899812120036242 -703.8793431176048 -59.11199144899257 -12.603795381466853
0.0 782.8069962890423 0.23624167 0.02080761 0.49096227 -0.74563688 -0.06039411 -2.30211549 -3.43780583 -12.42972584 -24.374437553186404 -711.6719146156784 -38.33681529370395 -8.548586402521815
0.0 781.8516447983411 0.195344 0.02464693 0.78130589 -0.64270538 0.0680774 -3.99726132 -1.62677198 9.49637068 -35.93330422495932 -701.5674903684217 -41.832923701080176 -3.473277994581162
0.0 780.9425356373147 0.3234473 0.02122382 0.5259583 -1.31878461 0.0322473 -0.73312497 2.84604952 -13.00731663 -13.42732908309443 -702.4797598993405 -49.6384043808697 -16.306151435036547
0.0 780.0269438928319 0.12844884 0.02168306 0.45452025 -0.39809263 -0.37560166 3.09725594 9.20626489 9.17868041 -16.71933428757638 -739.6801849485232 -23.045123391435215 -1.4978930097797818
0.0 773.8525584618353 0.3979786 0.02105639 0.56044196 -0.56126015 1.38549758 -2.12172633 -12.4473505 -14.75911837 -36.857842481275235 -712.0473908126314 -30.8534539559108 -0.2682566430144504
0.0 770.2322422284777 0.46233523 0.02013376 0.63574413 0.52303459 1.04698806 3.90312612 -4.9064119 -9.78743044 -14.274628227576315 -740.0269493597577 -17.356885808579616 -2.194095065921692
0.0 769.8873110334245 0.32645676 0.02194414 0.62819166 0.10874889 -0.94679429 3.95095264 8.63369433 -2.7609453 -8.496258374030717 -718.2956573508096 -35.03321623293522 -8.407110270702184
0.0 757.2574785034237 0.35358789 0.02295512 0.67394843 0.9680351 -0.75818284 7.76278825 12.3692806 4.80670885 -13.161274797196182 -709.5517090213759 -47.16072879928023 -0.013598415572144836
0.0 755.128179832998 0.24344346 0.02327431 0.5933511 -0.21028803 0.3408651 -3.2895566 -6.72829003 0.37423334 -11.641327631498184 -717.7880205244719 -25.76186252463402 -2.066267822819691
0.0 754.4653003877174 0.27234589 0.02364163 0.72974251 -0.75884017 -0.32816441 -5.0365959 -5.06172192 -10.33141001 -19.99258613749247 -706.0887377828085 -25.329250695114837 -3.717605217582144
0.0 753.656225171531 0.33312406 0.02332841 0.75689155 -1.00241462 -0.48190911 -2.75942991 4.12994327 -8.73032891 -11.481361962398903 -705.6853984533531 -31.084728409319645 -6.213811562645923
0.0 753.5116876335603 0.25936621 0.02391099 0.60216028 -0.30526273 -0.96750506 1.08031916 8.93387171 0.71641101 -15.088243179676251 -712.0000652846231 -22.522695470741404 -4.045221236490161
0.0 751.967562387314 0.24775057 0.02321977 0.61198543 -0.93453012 -0.0711483 -4.94143418 -4.00503898 -3.24714441 -11.741309608725595 -705.2825110092015 -28.038303056463743 -8.449563959169504
0.0 750.5305395529894 0.40103767 0.02199279 0.74520766 0.44385265 -0.55630736 6.88046157 11.87354365 -1.85046928 -12.75050388232486 -703.2441521252765 -32.571548560752454 -3.401357818960151
0.0 748.383157674267 0.17387644 0.02322604 0.56301971 -0.07253115 -0.06865353 0.74781366 3.85739939 9.87317046 -22.701232154538292 -707.3528453879272 -20.474713061259816 -0.0017489492640688088
0.0 747.0117702768423 0.19839897 0.02050434 0.56753574 -0.12144455 1.14217137 0.90310305 -4.72452943 5.64125494 -21.836050229467407 -718.376137338157 -4.733980055633706 -3.43699005100877
0.0 746.2219413080858 0.3452115 0.02030204 0.62180629 0.29177392 1.07018711 2.1352975 -6.59608098 -2.02577916 -15.683888128171304 -707.3896936443574 -18.509984109079653 -5.428204395233927
0.0 745.8751111602182 0.484104 0.02165038 0.69744757 0.88657994 0.54103976 0.37972452 -10.57937714 -6.85503885 -9.210360869956036 -717.080347252748 -12.957279108725153 -6.97395407665653
0.0 744.2533032229654 0.2925298 0.02038465 0.68121687 0.13946835 1.08912201 1.62437991 -7.31867689 -5.82764953 -11.99028701886261 -708.464100487694 -25.097897838476904 -0.3228258151846207
0.0 743.313336960337 0.31354331 0.02331658 0.73918299 -1.11672789 -0.07694081 -0.41124946 6.20006848 -7.99352386 -8.506055199094249 -706.792222237901 -22.635648648822634 -6.319377137147562
0.0 742.9687906615682 0.26730188 0.0220915 0.61082523 0.81612427 0.67500585 -0.05998211 -10.60973806 2.42199087 -12.335928778868311 -712.1349360006853 -14.870050284339033 -3.9724218964443145
0.0 741.6218287707511 0.31655034 0.02321791 0.77840109 0.51600422 0.64086849 -1.36245441 -13.30097043 -13.51011019 -11.612082901129932 -719.5018853408598 -11.842744070583688 -0.012078348994816012
0.0 740.6891188402504 0.30630036 0.02372133 0.5709051 -0.2099382 0.03383121 1.19406283 5.52544831 9.15773189 -11.036351548023749 -713.9700035726439 -13.224682873421584 -3.3907907766618655
0.0 740.3064455528803 0.37111785 0.02351692 0.69677818 0.67120443 -0.4893493 4.28659666 4.88909486 -1.59822208 -12.764716982315491 -704.4379054762486 -16.646908477661007 -6.83958790402535
0.0 739.5976058711657 0.20840834 0.02088917 0.56769902 0.08530927 0.10338237 2.3154831 3.40093639 9.34043375 -11.043222724696765 -707.3947873585911 -16.57361599170202 -5.294819477890411
0.0 739.2967749771059 0.29549934 0.02190151 0.59539668 -1.09278664 0.14252282 -2.2669831 6.90893027 11.30234154 -14.422721769924436 -709.7939783863849 -12.35921119392374 -3.0216945209325416
0.0 737.9306922116327 0.18041539 0.02157276 0.62626606 -0.72816161 0.62976555 -2.33680966 -6.59721906 -6.57823975 -14.887913046621557 -711.3429927327257 -13.032692347531627 -0.03317685022698573
0.0 737.6135096582219 0.21716134 0.02085328 0.59876627 -0.17287255 0.94663722 0.94619062 -4.53823101 0.35149624 -11.770408109298183 -701.6267234320758 -24.06092275527775 -0.47263791498111846
0.0 737.3403658995599 0.20970375 0.02206018 0.62096248 -0.479366 0.85212993 -2.73295143 -6.01594545 3.01813482 -11.291081753163343 -706.2246725768518 -16.881210940827778 -3.21654438737887
0.0 737.1811048698955 0.21545131 0.02343556 0.60001132 -0.77121669 -0.31050451 -2.09926928 3.32766366 2.91626427 -18.332260024034944 -702.6056756590681 -16.3986144916295 -0.0038157248274105307
0.0 736.6091770178016 0.30595343 0.02350601 0.68387535 -0.58956478 -0.35596984 2.36531231 7.07126424 -8.32554091 -14.323625204810972 -702.0989860578873 -16.023625570173117 -4.734868037024297
0.0 734.1288912298244 0.31491237 0.02056913 0.76998662 -0.41307581 -0.26192619 -1.3756906 1.95418752 -3.95302632 -9.570944419769349 -708.6077770495413 -13.212530221148592 -5.21792532734244
5e-324 734.019384242854 0.30908279 0.02257418 0.67710469 -0.81991981 0.23675506 0.59502711 3.01978809 -7.0290288 -12.162682353986687 -705.6287613278761 -11.363359343875116 -4.974088204086469
5e-324 733.9920500901976 0.27090307 0.02374034 0.62510239 0.43467591 1.04396764 1.49250338 -11.47607962 -9.48279658 -8.476365572206992 -714.6839323622509 -10.133378448359858 -0.725707860036302
2e-323 731.2542183304698 0.27162219 0.02370764 0.64343107 -0.54914476 0.65000512 0.02166834 -3.6468147 -8.81636093 -8.984340619230316 -709.0748209130243 -8.939579291358514 -6.993309266584456
5e-323 730.6173510398025 0.34750764 0.02063661 0.62891387 0.59218413 0.38489878 2.05955311 -1.72924027 5.81047681 -8.242945256479446 -708.0166855388237 -8.26462155387617 -6.729965981290597
1.14e-322 729.5542108107321 0.43051092 0.02135396 0.70174804 0.7569646 0.78099419 2.15778841 -3.73527275 3.63944165 -8.260597420289319 -706.0547330495879 -11.779868753600503 -4.522151816324913
1.6e-322 729.519864168821 0.27422206 0.02195927 0.61351705 -0.55913841 0.48385387 0.15511598 4.94172167 10.6865794 -8.464667825761433 -703.4873706074823 -16.553932669288784 -1.048239708199595
1.53e-322 729.4289556714783 0.3727973 0.02000928 0.70612088 0.16415275 0.32324269 1.39745686 -0.75884221 -1.25348057 -12.423671972067961 -702.9151612360125 -14.172316789182357 -0.008714171558110571
2.87e-322 728.3405292077149 0.49443211 0.02258149 0.73370419 1.25650321 1.14958448 0.90327066 -14.83663203 -7.17162225 -9.360720832766997 -704.3392915421038 -6.175537847904547 -9.553405448702984
4e-322 728.2762248915426 0.24955796 0.0223912 0.63126074 -0.64610103 0.35568225 1.45540299 4.75796509 1.48420516 -11.815497428530072 -704.3940669595356 -11.3860043838782 -0.7449604357709423
1.82e-321 726.1128291932848 0.27548856 0.02161167 0.65523886 -0.40373953 -0.18890357 1.89491888 11.7420731 12.58100587 -8.594318532841802 -705.3680557825983 -13.98826924560884 -0.32558133049359045
4.466e-321 725.4146127671688 0.28489581 0.02334697 0.70384537 -0.67327617 0.22598248 -1.55926178 -1.88931747 -8.94047643 -8.462501154276818 -701.8213767270527 -15.434960251001746 -0.39399106095365455
6.037e-321 725.210495757992 0.25662541 0.02151546 0.71210824 -0.5944003 0.16133654 -0.57168205 0.62845899 -5.07313571 -9.454134055633414 -702.9214959589772 -8.878186633047056 -4.1607961195111764
6.32e-321 725.1240188687035 0.24669888 0.02260219 0.60137713 0.0568233 1.15182946 -1.179967 -10.26353717 0.2302689 -8.896520582295906 -701.6076718357881 -14.104781043816997 -0.6015222960910332
8.34e-321 724.546302234363 0.29242743 0.02084185 0.70856648 -0.01292949 -0.34025443 2.47004402 8.33558913 5.18598028 -14.582610415171661 -703.1276140601121 -6.612894078698229 -0.8009003147215276
1.161e-320 724.2160007865203 0.28690373 0.02198486 0.61526566 0.22505049 1.0767578 0.96997211 -8.51816374 -2.81046762 -7.20745271869418 -704.6922493786358 -9.366749866474715 -3.279850270558303
1.6344e-320 723.7086977004249 0.42337512 0.02078137 0.72185696 0.34907964 -0.23893187 2.04696516 4.92254457 3.70836192 -9.440126899187211 -707.309288504588 -7.463667048833372 -0.0029183339116704344
1.86e-320 723.702986883527 0.31578765 0.02345604 0.66878977 -0.25239872 0.56073283 0.55781335 -1.62635748 -3.7603853 -10.214789640344387 -702.5056259969926 -7.363009565819168 -3.6252724972685595
1.8e-320 723.5870752694781 0.33997547 0.02189664 0.68031835 0.55925851 0.67397949 0.46928365 -5.50465438 3.372471 -7.864567688656826 -703.9734734045294 -6.992043246058193 -4.872902544282577
2.2604e-320 723.1099928558664 0.25392986 0.02327803 0.67733909 -0.56502346 0.2057483 -1.03433574 -0.24287478 -3.59741368 -7.700520532589183 -704.5725203879952 -11.2780753759444 -0.03595897294938268
3.255e-320 722.6607170155452 0.36647288 0.02131015 0.7133488 -0.18284164 -0.30902347 0.88622172 9.09841904 8.71328847 -9.428062562465653 -701.6386777903195 -8.303538289116851 -3.7397142139642514
3.935e-320 722.4966070629462 0.31471185 0.02158973 0.75653194 0.18509024 0.16601015 -0.54483907 -7.30194625 -12.16107947 -8.278227532328822 -702.7039351163082 -10.487890593671445 -1.1906637732366891
5.2677e-320 721.9529240560202 2.60222606e-01 2.25024574e-02 6.45403194e-01 3.24992194e-01 1.09372183e+00 5.87466452e-03 -1.21848187e+01 -6.87025496e+00 -10.327936932364182 -703.2749570873553 -8.456249084066798 -0.4374639591597699
9.051e-320 721.2662369940402 0.31740768 0.02109585 0.63874207 0.0975548 0.87642928 -0.03015018 -7.0051916 -0.99127542 -8.944888136928382 -705.7108371406329 -6.747186528369938 -0.5500122500888558
1.8048e-319 720.4344462242386 0.28197433 0.02169296 0.61091361 -0.34365493 0.7612354 -0.69844534 -2.50162399 4.21078475 -8.170114170690923 -705.4077958937567 -5.670250007361026 -2.018076922231682
2.7157e-319 720.1155617956254 0.33153783 0.02193755 0.6315551 0.28766631 1.13388036 -1.27869718 -11.91378234 -1.70776534 -11.121307932166834 -704.1041779352108 -4.956235143236315 -0.2527252136246872
3.41533e-319 719.7869354125173 0.33600204 0.02314732 0.73922912 0.03099143 0.08569861 0.70858787 -0.83551363 -6.77192986 -9.554103702561983 -703.1804957351285 -7.364899007164895 -0.016063350769958223
4.98453e-319 719.2209633588647 0.28529177 0.02110686 0.66610735 0.21454828 0.86414487 -1.76972867 -11.81304314 -3.96347148 -8.957882449772951 -701.8401812000234 -5.985933844696195 -3.0029379180248674
7.7085e-319 718.7098972409456 0.36931447 0.0213447 0.71397004 0.44824579 0.65569708 -1.32495656 -11.58700871 -7.41784328 -8.283465395912181 -702.7811819527437 -6.186029610770886 -1.970286399437749
8.80257e-319 718.7003372410331 0.32371141 0.02149245 0.64833605 -0.05096674 0.40276289 0.68041315 2.05162055 7.73873751 -8.308659301785516 -701.7274791246268 -7.596179659325488 -1.0775791552077367
8.14166e-319 718.6755009270603 0.33275896 0.02235256 0.75449579 0.22939864 0.26882188 -0.14913837 -7.38968861 -12.60761371 -8.367122885259832 -701.5492977645642 -8.126281287754002 -0.6576353034550823
7.5253e-319 718.6670272083189 0.3181091 0.02264162 0.66989335 -0.30506636 0.49831609 -0.18611728 -0.12094193 1.96120044 -10.480779008031853 -702.2684052402226 -5.664980066786029 -0.26133661201981934
7.3072e-319 718.5472767961561 0.25614247 0.0225808 0.67134403 -0.19168792 0.62553091 -1.47606388 -7.15714367 -5.4247716 -8.255124378745485 -703.023496112415 -6.475336932317239 -0.9130697848412102
7.88583e-319 718.3319728397393 0.29016008 0.02284025 0.70065582 0.08370855 0.83255372 -1.67045717 -13.02673561 -12.45215623 -9.262651937544462 -701.699422661968 -6.84206820954413 -0.7431339870996092
8.37515e-319 718.2274162435918 0.31754308 0.02261618 0.70379679 -0.44468953 0.06265555 0.47471401 2.70168314 -4.11827628 -8.145457233714698 -701.7544781356246 -6.842227404376183 -1.589810066023697
8.85247e-319 718.0368276024359 0.41940579 0.02189883 0.70659466 0.50834304 0.47755155 1.20545492 -3.15807082 0.11662905 -8.286415327541562 -703.0926881050276 -6.00844386492977 -0.8398689460928955
9.619e-319 717.8686981664572 0.25074122 0.02172349 0.65586305 -0.42786585 0.26368195 -0.17761336 1.38265701 1.90625072 -8.465682565857993 -702.7048365589028 -6.831613945909121 -0.03469453176604527
1.17314e-318 717.4796968344847 0.35603831 0.02201514 0.70590399 0.49559692 0.92347592 -0.54304257 -13.16933877 -9.40227017 -8.972130946169374 -701.2905312567988 -7.3982955652776425 -0.20774039821137721
1.368335e-318 717.3376917550469 0.30295615 0.02275319 0.69284635 -0.05332329 0.70089272 -1.28366076 -10.01502219 -11.07598809 -8.567624761723373 -703.2108245798726 -5.701191594576479 -5.589831235638351e-05
1.439707e-318 717.1879545173083 0.29352514 0.02255183 0.64851663 0.28002244 0.93682345 -0.16730714 -10.65222287 -6.63492719 -8.003609967850968 -701.7709307384051 -6.29291931696328 -1.2702317318275
1.47323e-318 717.0974820505892 0.3166362 0.02310553 0.70131697 -0.1312912 0.45644022 -0.79226536 -5.91223303 -8.98673199 -8.49257465685679 -703.4225905386087 -4.604455715962144 -0.6683336058806126
1.662417e-318 716.7789185631036 0.32268564 0.02245853 0.64803718 -0.13769284 0.34734746 1.06548354 1.43113033 1.65653703 -8.103859239783826 -701.3554224001638 -4.853782434387308 -2.7844179762543115
1.8916e-318 716.6289185012213 0.35167507 0.02145213 0.70457065 0.01164623 0.34791598 0.53367238 -1.92154372 -3.13883337 -7.760965014335864 -702.8934845225195 -5.670056585284653 -0.45441244096354144
1.909425e-318 716.5649408846599 0.32862573 0.02266051 0.73493547 0.20887282 0.41575386 -0.79555538 -8.42252948 -10.27266978 -8.394355551921896 -702.8466748695332 -4.62589695644892 -0.7619911233172101
1.83302e-318 716.519466887533 2.80492272e-01 2.24819331e-02 6.64490351e-01 -4.83832241e-03 4.99615898e-01 7.22391738e-01 -6.06801385e+00 -1.12412170e+01 -8.737936116846917 -702.086260328617 -4.771326541687234 -0.9694178975088721
1.743143e-318 716.4748515125635 0.28770548 0.02171573 0.69001267 0.10867475 -0.01567001 1.24793061 1.0806543 -0.41620446 -7.3903099978822855 -702.769882522289 -5.855063090969375 -0.5042112763924251
1.70236e-318 716.3780420288689 0.34682502 0.02247916 0.67410619 -0.08468122 0.12376815 0.99440463 1.70435457 -0.21633994 -6.955086886880099 -704.5288173836317 -4.772178799872197 -0.21876844217961514
1.62479e-318 716.3751641482124 0.3149175 0.02163662 0.66132602 0.34334593 0.44736758 0.4382773 -3.85231497 3.00913518 -7.429449647367069 -703.3335744492979 -5.1168320982457685 -0.49818583395817706
1.597255e-318 716.2270822970546 0.38630752 0.02197722 0.74071922 0.36735794 0.35937307 0.66487466 -5.44458768 -8.30062329 -7.303404749324385 -703.5444619612189 -5.179984446512588 -0.34731299115661707
1.67747e-318 716.0860328621393 0.31724402 0.02114643 0.65947886 0.19215736 0.44385036 -0.18444655 -1.65584978 8.94661133 -10.421033969963332 -701.7647579711263 -4.036965831519483 -0.00432452444542878
1.74564e-318 715.956045934431 0.36272711 0.02189253 0.67268858 0.02433173 -0.05319725 1.35036853 6.72048751 11.08781718 -7.611082905913265 -702.0418498006644 -4.629889839119096 -1.8032103164425688
1.731606e-318 715.9079133278423 0.30174514 0.02203823 0.68410625 0.34853369 0.68843258 0.20733913 -9.90749453 -9.65291842 -7.187428629798523 -702.0390858069261 -6.691135967001483 -0.038395530704862034
1.6648e-318 715.8445371876627 0.26477504 0.02198585 0.62830297 -0.08310681 0.45427759 0.04294276 -0.87724611 5.86724834 -7.3132630887016985 -703.8942000756114 -4.699665083067947 -0.0007850804612878769
1.71229e-318 715.667832800494 0.31132521 0.02154593 0.64940414 -0.20555702 0.17758715 1.22583311 4.25330088 5.56239158 -9.680307195794963 -702.1397705552625 -4.021703994098715 -0.002755442506419524
1.750307e-318 715.6032465773776 0.32510759 0.02195083 0.66074482 0.06977969 0.27214657 0.62165591 1.76352514 7.58956165 -7.568177296897647 -702.6961309076278 -4.872463328379918 -0.5310612675887213
1.660303e-318 715.5818636718446 0.35073518 0.02212847 0.68557849 0.27532782 0.02342746 1.8457889 2.43785412 3.24088406 -7.71212207074572 -701.5010416708379 -6.378778902693379 -0.011303933100530166
1.71445e-318 715.3605472421158 0.32964818 0.0219613 0.70432322 -0.30300921 -0.07132303 0.68273089 4.933671 1.49227905 -7.252120679801701 -702.462342069709 -5.839596607355821 -0.02780431497803324
1.745055e-318 715.3437060248298 0.34296597 0.02142923 0.70059952 -0.06939521 0.22196096 0.64882695 1.46951472 1.75574608 -7.984731868607025 -701.9308770788409 -5.436795752827589 -0.008142541840229677
1.60783e-318 715.3336870075381 0.32136735 0.02182248 0.70771083 -0.19399512 -0.21295279 1.2967992 6.91145766 4.37833439 -7.810691869400744 -701.7703813724588 -4.937937269554967 -0.82469551341528
1.586316e-318 715.1854848288681 0.30491174 0.02242278 0.67894638 0.0743785 0.43532832 -0.40265564 -3.72925802 -0.09497816 -7.728409497688583 -701.6705939354136 -5.842491992688886 -0.09219158174682156
1.549923e-318 715.1839996863184 0.33043919 0.02200242 0.68625756 0.03882555 0.05248983 0.94968475 3.84169191 6.75624271 -7.896534334296072 -701.9603663032481 -4.945245251286713 -0.3833389400371756
1.429144e-318 715.1573046432188 0.29860405 0.02155853 0.69234485 -0.10433408 0.20939543 0.38687693 1.45346098 3.47504953 -7.233354156127917 -701.7293281249471 -6.22058685843793 -0.0007305468055129778
1.369604e-318 715.0798051673462 0.28582522 0.02224049 0.67614498 -0.4657837 -0.25097098 0.34400947 6.32936253 2.92733876 -7.5077530832872394 -701.5068680589043 -5.639472958801217 -0.5032105422261052
1.30628e-318 715.059963350873 0.30313019 0.02146082 0.65393887 0.15299897 0.45532147 -0.00694645 -2.00150312 6.68977121 -7.675831744950705 -701.6334813062164 -5.655614902912036 -0.11487721326706643
1.290406e-318 714.918532113245 0.30597948 0.02166621 0.69880867 0.1665715 0.70613994 -0.72826603 -8.88904507 -6.491929 -7.858079794903709 -702.2867680532416 -4.176267968851858 -0.7388475338757738
1.269887e-318 714.8965275403455 0.30708885 0.02158097 0.68177312 -0.06907097 0.05775408 0.97235618 5.15852671 9.50433082 -7.835979582622351 -701.8881225941946 -4.898672767325266 -0.29575716910278066
1.18588e-318 714.8649202361555 0.31325667 0.0220455 0.67283109 -0.22201823 0.03508417 -0.35834274 1.31298788 1.09324642 -7.263418640235848 -701.6761707093275 -5.501486079358155 -0.45545211142396796
1.164943e-318 714.7448867836588 0.28681264 0.02171325 0.63882048 -0.06978453 0.36698427 0.11606045 0.60034014 8.23460525 -7.76871426553851 -701.3477708590502 -5.746898169660218 -0.001536941906535614
1.12878e-318 714.7337995187831 0.35351397 0.0220818 0.71925128 0.42435827 0.52062397 0.29030322 -9.35495214 -12.45243223 -8.433732625999973 -701.8858652138347 -4.202949732601098 -0.22233921122296696
1.08513e-318 714.6355207655224 0.2939486 0.02181357 0.67423258 0.07574119 0.22811073 0.69836836 -0.57136436 1.90466346 -8.308519959637954 -702.3621054860889 -4.054148054384601 -0.009026018671620291
1.156637e-318 714.4242729770697 0.3343372 0.02235334 0.67872953 -0.02075481 -0.07656763 1.23105351 4.79917873 5.15649866 -7.134891055134157 -702.5818010880135 -4.818132605723785 -0.1006960166509297
1.18587e-318 714.3842420675895 0.32899502 0.02145602 0.68053135 0.09388973 0.46676463 0.15366731 -1.77462457 3.43538552 -7.1403846662147465 -701.6103887317889 -5.410939822985094 -0.2625597560808151
1.103807e-318 714.3766931638035 0.309895 0.02167718 0.66581343 -0.15607642 0.19325738 0.5891547 4.34841563 9.83511019 -7.5085640273944625 -701.4155578503664 -4.708534890362499 -0.751585299466272
1.0365e-318 714.3202382873104 0.30762397 0.02233366 0.68226081 0.14278745 0.62716266 0.03312447 -7.01645541 -6.16447018 -7.612257763377808 -701.396650568973 -5.090082557936105 -0.2777022735166065
9.69624e-319 714.3186719731807 0.30644122 0.02229571 0.68202115 -0.04129281 0.05561694 0.04881017 -0.12806783 -0.31515849 -7.4530634525238915 -702.2122631444533 -4.422442269748924 -0.2324694205842721
8.84135e-319 714.3142079636253 0.2842053 0.02212684 0.67035066 -0.06341986 0.23707036 0.0308604 -1.67650753 -0.67215677 -7.276487666891637 -701.7938384357058 -5.068725757002045 -0.17962011358122634
8.2749e-319 714.2611786278198 0.35170275 0.02239865 0.69979836 0.16614154 0.34592815 -0.05556357 -4.79542369 -6.31985204 -7.351253372022928 -701.9217652046003 -5.014214441646827 -0.02697494535524158
7.89196e-319 714.2181201479539 0.30713735 0.0219115 0.67464501 -0.11004622 0.48884747 -0.47097075 -2.3036346 1.63106008 -7.574597920776706 -701.3322591511447 -5.015525236095912 -0.3387963198025584
7.3969e-319 714.1997409083276 0.31299905 0.02222956 0.69245404 0.26392207 0.59538944 -0.14722534 -7.34232777 -5.03724273 -8.039827893981096 -701.2338008211354 -4.916676664851842 -0.027814767985490773
7.246e-319 714.0726653136364 0.30673282 0.02152294 0.69024351 -0.09523235 0.15622661 0.3449608 0.51853749 0.69738396 -7.447811049201927 -702.5778708730882 -4.0702906993192745 -0.1037682867182223
7.33757e-319 713.9820301288669 0.31081283 0.0222271 0.66659363 -0.16432554 0.35591669 -0.22626172 -0.46106108 2.36742824 -7.372021469724193 -701.4567532591707 -4.660078698977156 -0.5838118857643795
7.5205e-319 713.8360574280854 0.29580834 0.02219692 0.67880503 -0.07023838 0.50245239 -0.50481643 -5.2308076 -4.85706566 -7.909404212065959 -701.4101340228315 -4.561147068291796 -0.10134482567768575
7.53697e-319 713.7824327433301 0.31182689 0.02196415 0.68680132 0.03130407 0.09944594 0.5425858 -0.28431702 -0.85256171 -7.6564268751853195 -701.4599478473571 -4.645719185439791 -0.07396352010324661
7.1958e-319 713.737861477838 0.31104562 0.02151487 0.67501764 -0.02164345 0.12222071 0.80377909 2.52521347 5.15053253 -7.193729105752072 -701.8934210820252 -4.687913168358823 -0.007369387194065169
6.7244e-319 713.7268597621713 0.32552649 0.02160227 0.69225327 -0.0145115 0.29831937 0.17212219 0.05942665 3.34459197 -7.202515960686165 -701.6423866807428 -4.290029911411621 -0.602928924997527
6.1661e-319 713.7205852049299 0.32995045 0.02232863 0.67854333 0.05707539 0.16190183 0.80637444 -0.66205935 -2.4479692 -7.532345640455916 -701.2848678629837 -4.497323966143804 -0.4123222925880315
5.64174e-319 713.7139809842101 0.30659354 0.02169386 0.67593326 0.06504382 0.54610034 -0.37473628 -5.45712586 -3.13106814 -7.168014089981861 -701.7487885265186 -4.578701940160238 -0.22508064826911126
5.1594e-319 713.7087069865711 3.35754758e-01 2.22213679e-02 6.99847796e-01 -8.18817053e-02 2.00583494e-01 4.31149640e-03 1.44223697e+00 4.78935840e+00 -7.712884391354521 -701.550918836647 -4.198840524051813 -0.25133723215680226
4.72154e-319 713.7007283537833 0.2977355 0.021857 0.68674667 0.05398278 0.32070273 0.05273781 -1.24110625 3.33589291 -7.770256230728778 -701.3707727362926 -4.47186276165798 -0.0958152578916598
4.31166e-319 713.699702002149 0.32510803 0.02169458 0.67127071 0.14384915 0.39038312 0.65887797 -4.66320047 -7.47196371 -7.346830862913682 -702.1398279142276 -4.151288487470946 -0.06278108917109794
3.97827e-319 713.6712547288689 0.33588865 0.02229642 0.68952838 0.06193067 0.38419153 -0.13991039 -4.42760679 -5.78571121 -7.221526827870563 -702.0401189397886 -4.187829818557318 -0.2502264159325492
3.72733e-319 713.6394551888948 0.34404179 0.02193499 0.70384973 0.28068185 0.30818223 0.58785976 -4.02186783 -4.80324164 -7.5544457299204595 -701.2752461165265 -4.661020964774899 -0.18054191764700184
3.5279e-319 713.5909450487211 0.33144334 0.02215945 0.69453601 0.23917698 0.47762086 -0.16513897 -7.75358069 -9.32096801 -7.471041364191425 -702.0450163152518 -4.1063224329889225 -0.01707507646254392
3.3554e-319 713.548949712411 0.30394971 0.02186283 0.67007122 0.02903025 0.26229098 0.42844387 -2.77390966 -4.52309081 -7.39661153171692 -701.8808798999072 -4.267500011276116 -0.04595360582092601
3.12126e-319 713.5445537688485 0.33605323 0.02186312 0.70351611 0.11213217 0.22786267 0.61159241 -2.10391999 -3.82942098 -7.244736464686676 -701.9177587809472 -4.328083402790885 -0.058371063986269706
2.9012e-319 713.5049530676765 0.33411806 0.02203357 0.68041775 0.1706613 0.4914381 -0.07112864 -4.9232372 -2.12857214 -7.681418732921614 -701.6515634803217 -4.15341457993068 -0.058156975674469855
2.72166e-319 713.4814318853815 0.30454651 0.02207635 0.69653853 -0.05999547 0.12281358 0.16484615 1.61640312 5.11503199 -7.363481687020242 -701.7767909142909 -4.364245326114976 -0.0004351402503805665
2.51213e-319 713.4744370057755 0.32063573 0.02226275 0.67997385 -0.09219543 0.31571272 -0.21658196 -2.07222213 -1.7625901 -7.412777416554707 -701.6019221065537 -4.459228195608962 -0.007504166664116915
2.3982e-319 713.3855979111943 0.34284483 0.02207794 0.70702639 0.06728993 0.22224265 0.48509501 -2.96425402 -7.59742532 -7.522356525876202 -701.4613398295703 -4.35150353916805 -0.13923711116087456
2.3023e-319 713.3635800922938 0.32998483 0.02183926 0.68563977 -0.0404965 0.26214816 0.59058013 -2.47461585 -8.01425486 -7.815293418010214 -701.4590383335515 -4.103332478234245 -0.007933681398297601
2.14024e-319 713.3409617026593 0.32299826 0.02171588 0.68681447 0.15677431 0.39131043 0.47309295 -4.5390151 -6.23251786 -7.390329386739193 -701.526298707956 -4.369765499499953 -0.0771864980985839
1.97523e-319 713.3333178417361 0.31221694 0.0221193 0.67138907 -0.11990063 0.30388603 -0.08160099 -2.1827875 -3.28239285 -7.254494932401531 -701.8532829690241 -4.014629924963861 -0.2185538762699072
1.81045e-319 713.3245378224436 0.34030477 0.02181845 0.68980461 0.1336633 0.26320405 0.84641103 -2.26439373 -4.79536764 -7.529994766491162 -701.4969934813605 -4.283027563807416 -0.02330203007690227
1.66965e-319 713.3047474024409 0.30456487 0.02202732 0.66881435 0.02589804 0.25135205 0.35471915 -2.25166688 -3.19224208 -7.283990256898544 -701.6875473718176 -4.25701098146791 -0.09598921225960687
1.5338e-319 713.3035354127051 0.30850469 0.02213651 0.67933959 0.02369164 0.26081506 -0.05157766 0.63507937 8.16750473 -7.350262791536916 -701.8240924525877 -4.130265555291056 -0.00012660302515724468
1.3962e-319 713.3021198494324 0.31383244 0.02196262 0.66511757 -0.05616676 0.34841479 0.12758993 -2.79247273 -4.03715839 -7.294648537337262 -701.6341609053543 -4.3426504677755675 -0.03207550223798442
1.3143e-319 713.2349441849179 0.32758706 0.0221345 0.69924203 0.0837193 0.45764019 -0.32245084 -5.59317929 -5.99582332 -7.548141111947927 -701.5710632314699 -4.175136751894824 -0.007778754119878198
1.23946e-319 713.2276492253203 0.30574858 0.02204169 0.67812926 0.03325107 0.18795565 0.35318828 2.19466609 9.52687436 -7.692767780769245 -701.332204856131 -4.178993753312074 -0.030977794705560495
1.1358e-319 713.2189710484969 0.29904134 0.02183782 0.67100168 -0.03476367 0.37299797 -0.22074228 1.5632059 12.76769882 -7.217954196432499 -701.8751721312942 -4.133410886229022 -0.0011120113644608682
1.05775e-319 713.1797835006743 0.31462734 0.02202094 0.67485213 0.00303382 0.23958283 0.37472148 -0.35918242 0.95250337 -7.598523027089582 -701.4536380089467 -4.088387884867862 -0.0784221275928596
9.828e-320 713.1749906961405 0.32446595 0.0220846 0.67686539 0.0289228 0.27001477 0.18952701 -1.12950974 0.89912303 -7.370100883726542 -701.4979595314948 -4.311721012270029 -2.073182957211405e-06
9.0434e-320 713.1556397020512 0.31567555 0.02203039 0.69114679 0.08308589 0.32062678 0.12617269 0.38738056 7.89512257 -7.294193419680326 -701.5149471382732 -4.3559884963252165 -0.009861641861666921
8.3576e-320 713.1420550426159 0.33618284 0.02187851 0.69219575 0.07840625 0.36983339 0.29793879 -3.37030372 -4.40187644 -7.362604392770392 -701.6669917718721 -4.125788429270941 -0.0002551081377133975
7.747e-320 713.1169130907585 3.17837595e-01 2.21703300e-02 6.89282243e-01 -1.02255062e-03 2.19178935e-01 6.49784604e-03 6.05536792e-01 5.76151513e+00 -7.478497034809266 -701.5344341016812 -4.081817204800365 -0.047306701325040876
7.144e-320 713.113292475683 3.29868591e-01 2.19598576e-02 6.94806513e-01 1.02097382e-02 3.13692537e-01 4.91042962e-03 1.30430757e+00 9.05216309e+00 -7.371024364355363 -701.4293556812597 -4.263132526060381 -0.05340051908311542
6.5627e-320 713.0960631003276 0.30730027 0.02219424 0.68332539 -0.08274462 0.28303175 -0.21397578 1.13108189 8.21608307 -7.579617675777067 -701.2986275714717 -4.226500183410467 -0.008547045023766282
6.627e-320 713.0937404337823 0.30876714 0.02199754 0.68535399 0.08506539 0.42121387 -0.33426384 0.14444213 12.18989213 -7.48280709237268 -701.3091319864225 -4.232383928256026 -0.07174009327641881
6.6565e-320 713.0872034229117 0.31918132 0.02203976 0.67722994 -0.08886667 0.25312043 0.04581636 1.95519586 8.21777551 -7.44186529494453 -701.6558798776166 -3.9948029070007998 -0.0011923542203663177
6.7e-320 713.080680422848 0.32304841 0.02194349 0.68313507 -0.05020498 0.18359799 0.27783371 4.33270595 13.90935102 -7.442928790009926 -701.438615925231 -4.20473576399904 -0.0009229436717174538
6.7223e-320 713.0806429475206 0.32818195 0.02214724 0.68931372 0.04270364 0.36776469 0.05893112 -6.74176607 -14.21487006 -7.3609658765498915 -701.4832880198206 -4.222594041815055 -0.013832484662443939
6.776e-320 713.0646864288506 0.32506862 0.02216543 0.69430988 -0.03372812 0.17429257 0.37918487 -2.49937228 -8.13007726 -7.451867794396468 -701.402315326807 -4.1882008984908285 -0.03825892782641514
6.844e-320 713.060706780642 0.31815938 0.02204324 0.68695627 -0.05249691 0.33340777 -0.06373076 0.2935409 5.93390943 -7.426111795786162 -701.3978950407802 -4.190701107342547 -0.04997848494162432
6.9125e-320 713.0447957501661 0.32156255 0.0219724 0.68017046 0.09103874 0.43782392 -0.10210555 -2.61552241 2.62876108 -7.514147406095501 -701.3729926789706 -4.172290763997786 -0.0012759315780754487
6.9747e-320 713.0427854012067 0.32715078 0.02200555 0.69362156 -0.01277553 0.1688597 0.37459791 3.30256199 10.23556092 -7.38423555589877 -701.591471890646 -4.063735230911491 -0.005353072710040022
6.9965e-320 713.03856358479 0.32993706 0.0220561 0.69304654 0.04011729 0.19779727 0.20875227 2.41597306 10.25099877 -7.441578976236746 -701.3861828117139 -4.214530415779934 -0.0004931974761499243
