0.0 40701.19677508258 0.23089035 0.02226234 0.79171802 -0.28528114 3.27819892 3.33433499 -5.36922452 -11.07995012 -0.54195498 -121.79674050123745 -1251.0065037821062 -235.26175387896373 -15.800591198584495
0.0 15431.467872325238 0.10555277 0.02237114 0.43812082 -1.31749485 2.34937977 -1.86990698 -0.64952209 8.12268123 8.69281751 -156.60799963088476 -1656.6868583385362 -38887.763143200355 -0.13877391280159637
0.0 15299.112705283613 0.4262681 0.02254847 0.8998761 -1.33968765 -1.23950695 1.98703362 -12.71256725 -5.04468013 8.70031327 -181.10679898858297 -6869.55396218191 -8380.515765020426 -0.2913461343198471
0.0 14391.379405627853 0.32129941 0.0245432 0.78031114 0.97446628 -1.31534204 0.49156881 11.6681148 -6.152739 12.66648805 -146.507852953164 -2562.049973627956 -12589.894964254861 -0.6599144476314184
0.0 14166.02397506794 0.4936605 0.02477811 0.73910392 -2.9465143 -0.15334477 3.94809692 14.78992203 8.02776089 9.32802901 -207.2306966937972 -2606.3348314561435 -11562.770038344735 -15.043839133176784
0.0 8744.711776564194 0.41367358 0.02173251 0.4835696 0.92038236 2.21499079 3.91349484 9.14277933 13.35466906 -0.86534946 -110.81883397758061 -960.0621923596584 -13077.167652323433 -17.975296407266054
0.0 3078.646841958712 0.20481661 0.02270895 0.88057443 0.36657248 -0.91830748 1.4815919 0.90491955 2.30261072 7.8230594 -3988.1131616162343 -3517.907673476524 -1238.4956484358336 -0.19529303560199124
0.0 2118.688062835037 0.14810669 0.02074851 0.76238304 -0.58130333 -0.75242892 -0.43063874 14.78164731 8.36479837 -1.57565763 -963.7556262775923 -1418.852715754678 -694.9169296954705 -1.1215702309709976
0.0 1735.8174685245833 0.32569265 0.02251851 0.41093775 0.56456362 -0.08385099 -1.16416949 -3.68752969 -13.97675836 10.32337166 -430.42757152308354 -1072.2419486615845 -612.1983704832757 -3.82017216709299
0.0 1623.8655893608918 0.43072403 0.02460589 0.66705732 0.29573021 0.89618123 -1.38153596 5.23315464 0.88369583 3.90898771 -18.700380462681153 -1378.8698632917965 -337.6600075145634 -0.5872172555422778
0.0 1301.301705866757 0.37347045 0.02489841 0.7649783 -0.14099379 2.43807489 -1.41144412 -12.05158822 -7.61531293 -12.7431756 -121.79674050123745 -1251.0065037821062 -235.26175387896373 -15.800591198584495
0.0 1142.1100466964776 0.39515763 0.02418133 0.67150584 -0.32510958 -0.07630865 3.03193135 10.55779766 6.87245379 -3.80224806 -31.342914777063317 -803.9272356228522 -446.4539911898556 -19.57756427698595
0.0 1137.3262062147148 0.49281269 0.02161572 0.41421385 -1.93231701 0.96209323 0.8257666 6.88857645 -4.3450929 -0.1837109 -22.506154947264044 -865.7567034375198 -242.80901428772802 -11.038174023965908
0.0 1085.7396074139822 0.19568811 0.0245624 0.58772806 -0.70100282 -0.08778723 -1.57090236 0.33430939 0.93807481 7.98182051 -40.13109305616491 -826.8804667514326 -269.9284494266702 -0.3861969804472991
0.0 1033.5429887465973 0.1511524 0.02102092 0.69537722 -1.03045002 -0.47892982 1.72164541 7.3763847 1.41698815 0.62999689 -46.781885819133635 -788.7479721488604 -234.93613631051292 -15.273613135475127
0.0 1028.6216240045862 0.43869871 0.02015895 0.63069996 -0.09958025 -1.65002694 3.3164639 -5.56373253 2.64357129 -13.70782406 -29.62919190013228 -758.137371412948 -243.41780000913897 -2.3586254243781113
0.0 1025.2776952968666 0.36004105 0.02129584 0.61303599 -0.05094742 1.63731127 0.02175219 -11.35919995 8.60259164 3.99196437 -20.021666590770398 -949.4441509254835 -50.97167682063455 -8.184129667697766
0.0 1017.0042143310878 0.40810884 0.02089208 0.4032187 -0.09780944 0.41394744 3.35896486 7.36220385 13.26790628 14.40816079 -18.61627879373337 -935.9926350476767 -69.4296310977347 -1.239150357721806
0.0 997.728098072765 0.26900923 0.02314815 0.70061847 -1.31792359 -1.71133777 -0.49553255 -12.06939069 -10.73716606 9.25251412 -29.29137343729488 -946.3275173448354 -38.37917207065119 -3.006151478306324
0.0 993.1547936351066 0.41589281 0.02163403 0.49237763 -0.26072714 3.11544743 -1.73993111 12.76339055 5.77763741 2.77971941 -46.30026738791904 -758.6554171180514 -189.76503419674955 -3.007379370044997
0.0 989.9964569836636 0.28001886 0.02165829 0.80494929 -2.73290239 -1.1543691 -0.61799193 -4.27415003 3.47371918 11.10740334 -19.891968578168527 -840.4263382605355 -132.48447559777256 -0.3520111986299517
0.0 954.1967586980262 0.4112664 0.02346062 0.51674007 -0.44743663 0.04612813 -0.78371405 -4.62398175 -10.13662484 -8.14633265 -64.7464366963943 -764.4163713259029 -160.5244928422652 -0.30915611910115304
0.0 937.702011566535 0.40982929 0.02325599 0.63851084 -0.17203045 0.19911889 1.84680821 -9.08028102 -13.27799145 -4.58508178 -14.141608088044032 -824.5269881228351 -110.62412297029091 -4.904039516856219
0.0 921.6411061588632 0.16798212 0.02358594 0.58129492 -0.81378292 2.24455203 -0.7854155 8.67021402 -0.86946624 8.47985285 -13.24030018773577 -863.8075016043564 -57.044399840736446 -3.609809933706382
0.0 915.5749758182003 0.25285479 0.02132819 0.6558156 -0.79405553 -1.94092748 1.4800172 -1.71510452 1.63520833 4.62606394 -26.227126978886645 -766.2286965418959 -123.39091082484548 -5.794371813235107
0.0 888.4285360864676 0.16481583 0.02031135 0.86058652 -0.82109803 -1.37703236 -0.41923699 -3.85873525 4.35817146 -8.23124849 -14.653236727815747 -814.9465803816928 -84.84424959414079 -1.1309091145509897
0.0 875.3043258193254 0.21985449 0.02160731 0.72449086 -0.4988546 0.47077448 -1.37888788 -4.39679466 -6.53462567 0.84577187 -35.90039236234538 -725.9435566867305 -119.68597569681828 -6.898611340573272
0.0 847.3876953901328 0.27944872 0.02183117 0.87172316 -1.72291814 -1.81896892 0.34871035 -10.06146271 -6.2561493 7.47816071 -26.103909715077023 -731.0091353446047 -117.78883612545967 -0.4024446341839713
0.0 824.8650036710228 0.40722368 0.023972 0.60575074 -1.45148395 -1.01026917 0.07066604 -2.8654114 7.06034606 12.79753061 -39.99713715208047 -710.8728861110851 -96.43342066996354 -0.08425145700364275
0.0 821.7097143151401 0.27394448 0.02259685 0.56948001 -0.3825522 0.22306538 -0.03369022 5.27118491 8.21093299 -8.03399467 -15.266784156753488 -705.933822967247 -94.66085109532847 -9.003545451693912
0.0 812.3251378429528 0.20421063 0.02070752 0.71388139 -0.61604912 -1.05131951 -1.58298547 -8.14387779 3.23442224 6.15392902 -9.200506169274927 -777.7956796711404 -33.92723014993173 -0.7862983247930171
0.0 810.1639432625811 0.33989561 0.02118762 0.76257877 -0.66915992 -0.43134523 -1.80845909 -4.26991139 9.05133591 -4.26423944 -12.825840855474999 -722.0900970576362 -73.33876294943589 -4.070436980405727
0.0 803.0180320558768 0.29744474 0.0229889 0.7150671 -1.79201595 -1.93482821 1.50209939 -1.55022476 1.85458212 0.94864902 -22.191772406464942 -732.7209473723227 -53.61403343585558 -1.6371900479378902
0.0 802.1273265304968 0.19518767 0.02390651 0.48440268 -0.40041789 0.67445016 -0.99382499 1.11928247 1.88072076 0.39507355 -16.466460574644252 -746.6134104707739 -37.71992105300477 -2.2182399574539193
0.0 801.6785138151305 0.15892691 0.02306933 0.58100046 -0.58970558 1.11672293 0.83775564 6.43345868 -6.64737411 -8.68172439 -20.74687903920731 -748.6091360258143 -24.361740834699763 -8.409570630775407
0.0 801.2535443042391 0.39544359 0.02177642 0.72427396 -1.33108908 -1.41479933 0.40969292 1.77969836 9.90004805 -8.78741862 -9.995714826443892 -713.4133296047366 -75.66762217586016 -2.6018472080897723
0.0 800.7668450618064 0.17283718 0.0239956 0.75096261 -1.82362043 -1.62036896 1.03777208 -0.93240432 2.16511638 -0.88774188 -12.760723743090875 -727.9319002758766 -60.42072633710018 -0.1401939481713363
0.0 796.1981185926392 0.36110081 0.02200516 0.64624999 -1.38786727 0.56162954 1.24213558 5.25751475 0.17558445 13.31092434 -14.197580065756148 -717.3775085157988 -59.969136811537666 -9.222619668713838
0.0 786.725237582806 0.27827125 0.02209421 0.64762193 -0.47244839 1.45823675 -0.21912053 4.73746605 -1.02106921 2.81815285 -15.42244366777031 -738.7937942968897 -41.981360377763934 -0.0005202502152617936
0.0 786.5132313547707 0.44569809 0.02091623 0.72244553 -1.10436414 0.62284363 -1.34364232 2.96339884 13.47440318 10.77735306 -11.835345164163206 -734.1556466193061 -40.72123119271394 -0.013014606622714125
0.0 786.3605983495186 0.30288553 0.02162031 0.48304233 -1.00898772 -0.56151546 0.54581542 5.60109486 6.11293844 -9.6986198 -12.247017094741222 -717.7362412883659 -53.65116898226781 -2.8788039893958577
0.0 781.3624021236797 0.31300603 0.02177365 0.70420143 -1.65812089 -1.36221114 1.23946689 -6.6522266 -7.41538 11.34615845 -23.32337928524451 -733.5292014621224 -29.130533098201308 -0.37748450395026534
0.0 780.3996928309357 0.36909613 0.02236349 0.71540964 -0.81929938 2.28409793 1.11775918 2.69206748 -14.05679812 9.8526014 -12.575189750036861 -717.3617211797279 -51.2820899917385 -0.1434012021763743
0.0 777.8294436019969 0.21250544 0.02389495 0.4570815 -0.64032183 0.8683754 -1.08168971 6.88850387 11.50750356 5.07277279 -7.3375154377695875 -722.9327059590779 -49.85068501107085 -0.27878642301737716
0.0 776.1573604850367 0.19809949 0.02349462 0.56507671 -0.39925375 2.60741562 -0.44868411 9.57584696 -0.36643396 0.16466867 -31.35356855552383 -708.3709571716889 -29.79815691457557 -8.30676096020867
0.0 772.9186870608776 0.1626014 0.02311312 0.65461724 -0.50572711 0.11800889 -1.31099089 -1.08711602 1.26897961 -14.38000126 -10.226455037864683 -722.4015597661449 -38.39110555023687 -5.1382401307903205
0.0 771.8381358613447 0.21154284 0.0233091 0.48235998 -1.26776094 -1.07615409 1.52371873 -2.78529359 -8.93924318 -0.40781219 -9.37918160021987 -712.2190622456094 -48.4969226010863 -2.823520613961901
0.0 769.9040559842725 0.19541776 0.02371059 0.6466444 -0.68036315 2.24209215 0.33713726 5.91615469 -6.03911091 13.96414141 -35.80362317828585 -715.9976033653755 -16.110180959711656 -3.926728357971624
0.0 769.0087069057533 0.19998169 0.0220178 0.72184595 -1.10473521 -1.62898083 -0.23479692 -3.50817878 3.6122537 -4.88100814 -9.330626413067254 -719.6941106537654 -34.12574979327651 -6.753569124163286
0.0 765.2465282882871 0.3136862 0.02140056 0.59477617 -0.65260097 -0.54583477 -0.16468687 -3.21346878 -2.32816327 -4.41472262 -11.311144740539673 -706.2268624103708 -51.470688340910044 -1.1413932756787785e-05
0.0 765.1831454957733 0.34029602 0.02182589 0.69655097 -1.49506762 -0.46398454 -0.75079408 1.81647582 13.75531112 12.47635306 -9.215794125818153 -739.1165063758252 -16.00755277291924 -0.9066750137244386
0.0 765.0893206761014 0.24360696 0.02296472 0.74243018 -0.68964843 0.33071635 -0.12927636 2.08987884 1.71832493 0.68238677 -13.806545058488435 -712.8376669286739 -38.4498977914356 -0.08903571717543211
0.0 764.3799101202378 0.19389311 0.02294617 0.49076778 -0.48287228 3.68787606 -0.27841035 12.59856038 -4.13249275 1.21459491 -13.671181823677161 -706.3264356312568 -42.98277567631479 -2.1089275448526243
0.0 764.2561473732987 0.2286326 0.02465033 0.68647594 -0.61451677 1.10613147 -0.41652077 5.35965387 5.86039353 8.33110381 -24.92375293103161 -711.0307900852439 -26.398430487760034 -2.02693661620232
0.0 762.7130040440334 0.15572547 0.02499355 0.54142656 -0.47781365 2.69035624 -1.97772213 5.38540308 4.52958424 11.47046455 -8.941376751171296 -705.0184056628502 -33.94803442350527 -16.348330535771833
0.0 762.0597028595371 0.45778226 0.02274777 0.61001868 -0.43821658 3.95218202 -0.7837097 14.47271227 7.97591301 12.28164671 -19.686616067069718 -711.4420017608641 -10.69119429400045 -20.89319192209914
0.0 760.0259456894983 0.29551851 0.02216148 0.56820227 -0.31872859 1.80259982 -1.87673649 -3.46358319 -7.03037702 -8.05528066 -10.074513016789956 -716.4564719921862 -34.2771887227034 -1.2515291278576155
0.0 759.252528400443 0.36434956 0.02121112 0.80208204 -1.31268309 -0.85216435 0.99263097 -2.86354586 -4.76936227 -4.70862609 -11.209512299505798 -741.2856588494602 -7.483478820590495 -0.04729571994177297
0.0 757.3050158534066 0.18694879 0.02391445 0.574633 -0.34015179 3.47687206 -0.9651482 5.75264463 -8.28683134 0.50080493 -21.099087270337254 -705.9255928670444 -30.681787922567356 -1.5460603404939943
0.0 757.2498666681911 0.29547129 0.02012868 0.52985871 -0.46548715 3.73918505 -0.42737547 7.0667616 -13.5235352 -6.40349136 -9.899782372788556 -713.3261801834766 -25.59856595808251 -8.48048733905902
0.0 756.5792118205881 0.25858181 0.02285497 0.61581516 -0.46076157 1.67694822 0.16080484 4.40138515 -6.08399845 -2.88494581 -18.402826857952977 -706.0640578841986 -24.330537151935822 -8.452444774103714
0.0 755.4266508577516 2.97563039e-01 2.15879073e-02 5.40407327e-01 -4.18020445e-01 2.12654342e+00 -4.68184932e-03 3.22589833e+00 -1.03992871e+01 -3.05171893e+00 -7.705735681970105 -724.0994486850832 -23.126627181694253 -1.647400271840472
0.0 755.3279776136119 0.31019741 0.02211693 0.69004063 -0.78020543 0.27986084 0.77743431 0.57227698 -7.10750797 -8.76075488 -12.230931867095428 -731.207125999277 -11.54742075932657 -0.4411722320526323
0.0 754.991714473427 0.29450004 0.02209023 0.62019963 -0.65579797 1.15767876 0.77514308 0.22230516 -14.00584473 -9.21533473 -9.341705731476912 -704.6374193843496 -41.326649499925765 -0.022202997859459363
0.0 751.5052246191237 0.31382917 0.02022316 0.67337042 -0.74696512 -0.01819163 0.93013545 -4.50376933 -14.83737892 -3.68315201 -12.593522362329562 -702.4702655832651 -39.91627154251024 -0.011654985322083403
0.0 751.420440427654 0.21650722 0.02367579 0.57641067 -0.39456507 3.59416645 -0.80907655 9.47110547 -2.29213215 10.02773068 -8.972931814384344 -717.8866969282677 -17.016489933083356 -7.629105943388408
0.0 746.5136999801281 0.24644002 0.02035824 0.70584135 -0.6674376 0.65012938 -1.16107359 0.99744531 1.70555087 -4.45887174 -10.039273924925368 -710.7214121289344 -24.18136614939261 -6.478388224401512
0.0 745.8713652821656 0.27526089 0.021078 0.55527624 -0.45295299 3.43075564 -0.22207939 6.11200898 -14.39017546 -9.69622617 -9.107265937468226 -703.1209904997418 -27.76031891176645 -6.525124631151618
0.0 744.9805256752202 0.28885183 0.02218797 0.57124265 -0.46753526 2.13362596 0.64129741 3.47081825 -13.08618848 0.98564116 -15.342242923416505 -704.4802818400234 -23.95205872974491 -2.096781788980774
0.0 744.001414553077 0.27517597 0.02254733 0.72042099 -0.79048155 0.68829296 -0.92850223 6.25775795 10.38727955 -5.21288502 -9.706768708915687 -723.5502340941579 -11.656851445872238 -0.06667142627446236
0.0 743.3396684992103 0.2590744 0.02276855 0.66369085 -0.65292511 0.24845461 0.15342664 0.84049771 -4.17011922 -12.17248063 -8.179399787988096 -706.5661392667624 -28.59878962829202 -0.6570858700344091
0.0 741.1394656561101 0.27502979 0.02079521 0.56993973 -0.59176997 0.71810945 -0.07703691 -4.26854288 -14.85479051 -10.35432682 -8.256385538528843 -708.3266467088251 -25.4326180444193 -1.3240182074370135
0.0 740.7693069476225 0.29663549 0.02066458 0.6383525 -0.70711628 0.63710164 -0.54361562 0.54586162 -2.58420331 -3.05347179 -17.546062535867293 -706.9488783184025 -13.099833557481434 -3.5446912443588605
0.0 739.7785976143174 0.15732031 0.02314335 0.58591033 -0.48494709 2.16759028 -1.37867649 -0.54502841 -7.40092452 4.50131673 -7.99646291156493 -705.9829884113027 -22.44873787789969 -4.341117746855138
0.0 738.1982438750957 0.3303956 0.02227455 0.73539678 -1.22858446 -0.69237657 -0.12430965 -2.49366045 1.65838585 -0.68461945 -15.320884881571631 -708.8207994728072 -12.655087268185039 -2.9818259917535936
0.0 736.7658378457365 0.23511781 0.02099318 0.67886082 -0.69630334 1.04238265 -0.5581374 0.13297454 -7.40795982 -6.18775698 -10.352854197439227 -705.3563347317098 -22.33594398574801 -0.15311096019870837
0.0 735.4061342836259 0.2885421 0.02305673 0.57537679 -0.50029985 1.25231662 -1.28959296 5.93857996 11.27175646 2.25272981 -7.290013426243565 -704.3143416116303 -22.670091688971766 -2.4913911188909084
1.5e-323 733.0396314034571 0.3542132 0.02097357 0.70430699 -0.86324781 0.90762743 0.4539732 3.88076355 -2.02403001 0.44549375 -10.301987006689965 -713.5558008700971 -9.008637075942046 -2.5397093308967658
3e-323 732.5052275117188 0.25301207 0.02164427 0.61433072 -0.65236727 1.57273414 0.13741753 -1.34197529 -14.77925405 5.01833421 -9.622277924531142 -704.661163580295 -16.168701784443062 -2.5874881141879156
7e-323 731.4435472433596 0.24238385 0.02310722 0.662871 -0.70880487 1.06398349 -1.2417944 3.78351743 7.62992831 6.52216091 -8.673563877521483 -703.532817475614 -19.96526708271594 -0.3335790758672645
1.2e-322 731.0788130467032 0.35600493 0.02085155 0.61121098 -0.67042735 1.5641426 0.47532003 4.31298509 -7.10501096 -3.1163061 -7.612717696621725 -708.6202177439175 -12.417492185044711 -2.793119617775691
1.8e-322 730.4710468600958 0.38125822 0.02195366 0.63901575 -0.92882828 0.44066426 0.81091694 0.40638058 -4.12532302 11.01063405 -8.093987722275322 -707.6432949171495 -12.11545223949107 -3.226078167787273
2.37e-322 730.2522358492138 0.2855916 0.02134755 0.60417321 -0.66165214 1.29586144 -1.005621 2.72909413 0.11418579 -2.76655016 -8.16870249477602 -711.5715043578657 -10.720442079626007 -0.010397927828235802
2.57e-322 730.1219763795463 0.28217879 0.02168304 0.63729854 -0.71231592 1.05402526 0.02407497 -1.07069248 -7.61568363 10.7184117 -9.551093011566921 -704.0991899418724 -15.533455699908801 -1.0684971958656666
4.55e-322 729.1350369390577 0.32449649 0.02224569 0.73213402 -1.00851819 -0.69390818 -0.61557472 -1.57116683 11.17329203 14.64606025 -7.640396144322995 -703.0361522167614 -19.17712736372762 -0.2683006547343007
7.2e-322 728.8061118651418 0.35716023 0.02150125 0.6016646 -0.72890987 0.90927903 0.92849454 0.76218571 -10.44961045 -0.05155024 -10.659198885334948 -704.4089032677264 -13.946573619167662 -0.12036116682873806
8.55e-322 728.5906254025701 0.31884176 0.02093181 0.64434451 -0.63724323 0.65199612 -0.35006422 0.94055169 0.82908665 -0.13098297 -9.062238621111788 -711.3847070425472 -7.723286565719305 -0.6358796357635735
1.235e-321 727.9612094049784 0.34356121 0.02091484 0.75496396 -1.10614457 -0.37336082 0.18155692 -1.33715078 -0.50683363 0.44788819 -8.379237286430318 -706.8004993005522 -10.612778351840511 -2.7981104637471415
1.67e-321 727.7191435137022 0.25551093 0.02084985 0.61632681 -0.57381204 1.29601272 -0.93620654 -1.76565524 -5.09555431 4.85800218 -12.181015715096072 -701.6786842456829 -11.215456751863712 -2.8860526923356633
1.724e-321 727.6878770580101 0.24750298 0.02061467 0.65630432 -0.6316639 1.61863093 -0.66033809 3.1430281 -7.60672194 -14.97250752 -10.4760772076115 -704.3105807508296 -9.697031242091466 -3.2354543131696527
1.74e-321 727.5197709403429 0.27154956 0.02273301 0.65906911 -0.77827407 1.11730662 0.24728033 1.99765765 -7.18649353 0.97421871 -6.907660983168031 -705.5875485541377 -10.525955166516448 -4.666712354187911
2.955e-321 726.6253241651139 0.31665369 0.02055453 0.64812322 -0.64432734 0.72397917 -0.33151185 1.56190647 -0.80101051 -5.50299332 -7.711048106493486 -705.4357791573572 -13.171664170513784 -1.2012795059784598
3.824e-321 726.6175450484327 0.30385495 0.02257872 0.69573484 -0.83271345 0.88226287 -0.13849765 4.211903 3.91370721 7.9960875 -7.555172418340919 -706.056124294687 -7.939322320239338 -5.074705131846607
4.096e-321 726.3210767865826 0.33381928 0.02034837 0.64932007 -0.759346 0.3848176 -1.14990768 4.03819385 8.36668454 -10.72964601 -9.047795516893183 -705.0067644686598 -11.82535468585474 -0.7376303770249508
4.28e-321 726.3172081627614 0.34243941 0.02174195 0.68949608 -0.78194266 0.68052645 0.44952094 2.09950416 -0.11743996 9.06032208 -7.35615238176306 -704.0943277568053 -8.267685756550696 -6.602910891463448
4.62e-321 726.0022605747188 0.3431401 0.02350893 0.66101863 -0.97401994 0.64650273 1.30631995 -0.70609815 -9.39883931 13.00646867 -7.764393704084402 -704.2771498118258 -14.092974652225063 -0.18268999462606172
1.045e-320 724.8069976675217 0.35971611 0.02101689 0.65707963 -0.8348412 0.4940144 0.60821765 1.79098818 -6.13480599 -8.19142115 -8.574920034542952 -703.1743374248773 -9.014527923696269 -5.2384751916021735
1.6853e-320 724.5359119726028 0.39536646 0.02148227 0.70454297 -1.17411455 -0.50727524 0.07719168 0.94041418 4.77253395 -1.96557224 -7.459852169137095 -707.4925941373338 -7.4768627365879965 -2.377688624462895
2.159e-320 724.1413648232536 0.38296496 0.02215926 0.65813163 -1.13071656 -0.27505787 0.18702686 -0.20201269 0.94556939 -0.79056079 -9.773024010913925 -708.0356866334133 -6.043948227908898 -0.6832531003665907
4.2944e-320 723.1619886549975 0.39466582 0.0224193 0.68225358 -1.10657746 -0.24202033 -0.12026201 2.73916556 10.78189655 9.00694455 -7.764105702391893 -702.5127548796656 -13.818676141774281 -0.04582809942179132
6.009e-320 723.0512247987299 0.2551225 0.02208045 0.61813856 -0.77789963 0.46933774 0.24279419 -1.26117721 -7.89202899 1.69613055 -8.613371271163787 -706.4596799192338 -7.712193492703558 -0.3767439718961959
6.7544e-320 722.756079596157 0.26804777 0.02207604 0.66138886 -0.67926492 0.96386272 -1.07505152 4.63153662 8.77756992 4.97110671 -8.779041107105147 -702.3526375533804 -11.910911811126471 -0.008634327117891806
9.3665e-320 722.2486905947194 0.30833333 0.02072027 0.72182344 -0.9400695 0.21245987 0.68448569 -1.82761492 -12.16229289 -11.61524545 -7.566646365775005 -703.5315421130903 -11.6504712527722 -0.007419864519580117
1.29875e-319 721.8816310737305 0.34175911 0.02167755 0.66234001 -0.5111047 2.8658967 -0.93001832 6.27418756 -5.91709051 -10.71956336 -9.089878733461681 -701.5409438119997 -7.626159447450874 -3.991708601807154
1.93965e-319 721.3044896738816 0.3389288 0.02307147 0.66569942 -1.15503772 0.01634832 0.80987689 -0.67211608 -7.78483576 -4.25096054 -6.708736027132276 -705.013037606077 -9.882745768833983 -0.27711167168729695
2.35363e-319 721.2235755393542 0.34149103 0.02244857 0.6474191 -1.06475378 -0.60077738 -0.22645515 1.37028478 10.26081661 6.39784849 -7.893554697247446 -703.2406584446796 -7.557834684375812 -2.6124418475787285
2.2342e-319 721.2164055786141 0.3488944 0.02179493 0.6751116 -0.68113636 1.58297123 0.64146165 1.819307 -9.55214174 4.48448726 -7.669562379435484 -706.2013464052645 -6.918664038433847 -0.434002716220469
2.26974e-319 721.0118388605008 0.33065266 0.02090894 0.63734604 -0.78355837 0.46006682 0.08646394 -0.81442082 -5.49003261 -2.36968571 -7.054559270442419 -702.9266762340008 -11.115467420856517 -0.11970265331449616
2.3466e-319 720.9496650462598 0.357986 0.02156959 0.65970262 -0.61157368 1.96557171 0.01792319 2.54390624 -7.77179305 1.28276213 -8.33525048708133 -702.723978740403 -7.035648627484988 -2.916961005531441
2.3094e-319 720.8545010551447 0.34374789 0.02219701 0.64508846 -0.90884571 0.56312675 0.97117412 -0.06152097 -9.9787182 1.5119785 -6.680885494560945 -703.1555874692975 -10.633827120057333 -0.479364962343954
2.3475e-319 720.728043890954 0.28942055 0.02180377 0.60440036 -0.63279729 1.54441739 -0.28467995 1.49025448 -9.94674388 -9.85997299 -7.84333113648342 -706.0622094507366 -6.874924018269814 -0.07403644965486325
3.3861e-319 720.04251414041 0.3096709 0.02298875 0.62842086 -0.79294838 1.01342513 0.60158999 0.30223241 -7.34790972 11.04842025 -9.718275540201592 -703.014033410764 -7.885252687188874 -0.11048225279953904
4.70034e-319 719.7830151100467 0.31833923 0.02259304 0.72283312 -1.23954511 -0.50996006 0.57573061 0.41867054 -2.56807838 -10.67264062 -8.070777195396534 -703.0469688690025 -6.707191887687564 -2.2175761883234286
5.01635e-319 719.7064503978228 0.28364567 0.02142684 0.63513121 -0.52110951 2.04328026 -0.27139911 2.98932584 -11.35303353 -13.16167703 -9.08329528374514 -702.7674724556656 -7.156302578626901 -0.7759447920091537
5.232e-319 719.5158142559794 0.30138145 0.02062428 0.6611449 -0.65888511 1.21331451 -0.16532405 0.12182579 -9.62607515 -7.10945682 -7.045331641420518 -704.7686895981243 -7.061061403752537 -0.8313677545254804
6.0401e-319 719.238646226587 0.26410803 0.02224207 0.70038957 -0.99034182 -0.33604471 0.21807997 -1.85352806 -0.31935371 6.14957356 -6.898627319807454 -702.5226151704843 -5.491446329311458 -4.603125436376274
6.2544e-319 719.2363255569488 0.2887151 0.02241502 0.68266901 -0.88333539 0.30196184 0.14532333 2.25256045 1.65217236 3.08698702 -8.838606571704736 -702.1149101056784 -8.168597795960595 -0.11653175324314086
5.8683e-319 719.1763525388614 0.26251694 0.02280418 0.66417704 -1.05383133 -0.47323451 -0.43535053 1.72406148 6.26668459 -7.85311701 -7.143692193093859 -702.2879199685954 -9.435989965315448 -0.36872342994413654
6.03155e-319 718.997879123248 0.31217781 0.02126526 0.66115441 -0.64366265 1.22867352 0.36068716 0.70688342 -8.40178175 2.81410143 -7.852041067707915 -703.7613621607977 -6.109875860919483 -1.4530734494362623
6.1982e-319 718.9246247765259 0.32057879 0.02182817 0.67034872 -0.86671736 -0.044105 0.18267307 0.17570512 4.23454359 14.36692092 -7.049189589711572 -704.652315670029 -5.950361695857222 -1.3460121676503176
6.013e-319 718.8674086274096 0.29061316 0.02173874 0.63365837 -0.66936528 1.26320587 0.46938957 0.69123406 -11.63763121 -1.11266351 -7.554552634815931 -705.8770739013611 -5.4060434855460695 -0.08695475480288836
5.7384e-319 718.827059166261 0.30309603 0.02320717 0.65453 -1.03064307 -0.20063598 0.01427599 1.79910496 5.97227991 5.98313421 -7.441224218871069 -704.2582038508631 -6.981058777988638 -0.1869217796868427
5.4968e-319 718.7634422507429 0.28516754 0.0211931 0.67675497 -0.59744685 1.32128989 -0.17465669 -0.29087097 -5.57616489 8.93526491 -7.366127400304538 -702.6793437451977 -5.451304165071206 -3.3302838556876044
5.416e-319 718.6673422051159 0.32263134 0.022378 0.63702781 -0.61465675 2.1579573 0.52802167 2.43320495 -13.95950425 1.32593962 -7.022453221215727 -703.3243939849831 -6.800888674955601 -1.615706369588476
5.5012e-319 718.5431522242291 0.2536153 0.02209214 0.61877441 -0.559629 1.814226 -0.3031779 2.94472562 -9.62586222 -10.46522203 -7.258197523847704 -704.1638525020801 -6.942455069773704 -0.30283710941438796
6.8612e-319 718.08341804373 0.28273332 0.0222171 0.69280031 -0.98235851 0.26725422 0.95381644 -2.30850224 -13.05233109 -2.30162252 -7.92200695265078 -703.4678156625848 -7.141031089452533 -0.012298519540906622
7.90134e-319 718.0188877676399 0.29414402 0.02139447 0.66656218 -0.61474384 1.12620671 -0.36561812 0.58780763 -0.26228949 12.91328594 -8.203625965612426 -702.6896033030006 -7.0983955131825205 -0.09179326193456033
7.7028e-319 717.9440593995283 0.28532388 0.02168651 0.65065684 -0.57208081 1.66338986 -0.99304485 3.23317271 0.38087005 -1.16873197 -6.9530765315852605 -704.0586403732563 -6.082588957740382 -0.9245819050579696
7.7303e-319 717.8233809671981 0.2608504 0.02155381 0.66931045 -0.84155398 -0.10063487 -0.19822456 -0.15342376 1.26956199 -1.69749144 -7.090524734845132 -704.259596548718 -6.331135660019986 -0.26280245594524754
7.4615e-319 717.8205920056183 0.24774691 0.02262935 0.65618494 -0.61130188 1.80739144 0.08829738 -0.89429097 -11.97780333 10.85450919 -8.314298741503768 -702.0425298828848 -6.95300715448112 -0.5135451883284464
1.02708e-318 717.1154595921121 0.29564319 0.02133904 0.69385585 -0.83826434 0.45201645 0.75583735 -2.16527797 -10.74040442 2.92124996 -7.384584794768644 -704.3349477248565 -5.22367428722852 -0.8773851987645811
1.581944e-318 716.6893480767145 0.34377465 0.02179384 0.6930691 -0.92950003 0.49181063 -0.0063842 2.72687917 0.59783291 -3.30291811 -8.061451110160045 -701.187847729638 -6.770456743510418 -1.0957040088036458
1.811126e-318 716.6107424955594 0.29825333 0.02254258 0.63436252 -0.66403072 1.41425422 -0.079969 1.3726429 -3.51079775 10.7229456 -7.381257843036862 -702.7676536161293 -6.419570521870016 -0.12086609567822769
1.85293e-318 716.4574130045587 0.34067243 0.0220941 0.68242549 -0.91360043 0.37433596 -0.04529612 0.99889305 3.42538375 12.73544438 -7.800065818152328 -702.7002999822872 -5.465071769132078 -0.6453049259877578
1.8334e-318 716.4355624087017 0.2755856 0.02159332 0.64459972 -0.66440824 1.00681486 -0.42828165 0.80106656 -2.76083651 -0.20906875 -7.469629542279062 -702.1767918963784 -6.798015410589688 -0.012976155311522816
1.88578e-318 716.2217448229329 0.26890307 0.02141873 0.65954374 -0.70267634 1.102711 -0.16518113 0.71996882 -8.66317688 -9.3731113 -8.179158674451536 -703.0435511540097 -4.782670084315419 -0.4301824959249862
1.901476e-318 716.2169613972419 0.3404588 0.02200384 0.67561974 -0.94069234 0.61267986 0.68986747 0.47722268 -8.78710426 -4.64544103 -7.27785470388497 -703.7689813646194 -4.3206562799516455 -0.8542524744768432
1.75034e-318 716.1968599560788 0.26529161 0.02200672 0.66349925 -0.77489409 0.73446797 0.5825486 -0.17361644 -10.5050986 -3.61147331 -7.364624474626706 -702.4976704918993 -6.354049647602922 -0.0006167831131019104
1.64398e-318 716.152119810435 0.25913509 0.02154949 0.64329351 -0.68968004 1.16468445 -0.09267878 0.94443827 -10.54900268 -12.57280463 -7.625103865145505 -701.7131687615371 -6.858170541982668 -0.000416787413504841
1.57989e-318 716.0863537489066 0.26616376 0.02230744 0.65571887 -0.93291178 0.01295027 0.29648811 -1.26795502 -4.88054267 -0.45683954 -7.61976775113776 -703.1892847329184 -4.819966611262615 -0.523100715116189
1.559597e-318 715.9886542290873 2.75206162e-01 2.20689330e-02 6.42208328e-01 -8.97673414e-01 6.42189357e-03 2.18123034e-01 1.23785645e+00 -2.58436289e+00 -8.82044902e+00 -8.337310747023187 -701.5550774381511 -5.998728649228958 -0.1952369145034423
