1.13744e-154 713.908 0.276299 0.0215891 0.733784 1.228 -707.818 -6.07458 -0.015428 0 
1.06784e-155 716.889 0.259744 0.0214424 0.747604 1.25281 -711.818 -4.99084 -0.0800599 0 
1.24932e-156 717.961 0.256744 0.0217734 0.75688 1.22615 -712.888 -4.76389 -0.30943 0 
6.64521e-156 718.511 0.257575 0.0221424 0.755767 1.2346 -712.594 -5.64241 -0.27402 0 
1.27041e-156 717.928 0.2533 0.0218882 0.757782 1.28942 -713.469 -4.1187 -0.339689 0 
7.1029e-155 714.486 0.286538 0.0214327 0.724265 1.20867 -705.866 -8.45596 -0.163764 0 
1.34179e-155 713.213 0.291267 0.0215348 0.717683 1.24241 -705.038 -7.8172 -0.358322 0 
8.69415e-155 713.871 0.278449 0.0212387 0.723924 1.30815 -707.064 -6.63476 -0.171984 0 
1.0827e-154 712.929 0.281048 0.021194 0.719244 1.38136 -706.234 -6.38952 -0.305358 0 
6.40126e-155 713.307 0.273796 0.0218259 0.727144 1.39358 -707.593 -5.61176 -0.1023 0 
6.11413e-155 713.399 0.291684 0.0220468 0.716221 1.33442 -704.71 -8.27757 -0.411744 0 
3.30516e-156 716.016 0.280697 0.0218921 0.726335 1.36639 -706.351 -9.54643 -0.118123 0 
5.07161e-156 715.159 0.300676 0.0214325 0.706616 1.32932 -703.606 -10.698 -0.854988 0 
2.25854e-154 710.786 0.278789 0.0219722 0.725927 1.37954 -706.656 -4.00298 -0.126531 0 
3.25019e-155 711.444 0.293559 0.0215421 0.711544 1.35254 -704.375 -6.46146 -0.607569 0 
3.70597e-155 712.568 0.309928 0.0214192 0.696539 1.33745 -702.723 -8.35302 -1.49221 0 
4.21109e-155 713.699 0.305344 0.0216711 0.700405 1.34315 -703.087 -9.38485 -1.22692 0 
4.0189e-155 713.217 0.307563 0.021195 0.6964 1.39021 -702.781 -8.93375 -1.50222 0 
6.37256e-155 712.87 0.311664 0.0214072 0.694375 1.34283 -702.579 -8.6385 -1.65201 0 
2.1385e-154 711.26 0.289933 0.0212413 0.707957 1.47457 -704.597 -5.87946 -0.783472 0 
1.23211e-154 710.165 0.281146 0.0220189 0.720204 1.44658 -706.041 -3.84903 -0.274907 0 
4.9518e-155 711.988 0.283422 0.0214415 0.714998 1.42416 -705.699 -5.82938 -0.459294 0 
3.13682e-154 712.455 0.300571 0.0211935 0.701925 1.39374 -703.428 -7.89752 -1.12969 0 
1.07477e-155 713.657 0.301035 0.0213834 0.703069 1.40437 -703.357 -9.24052 -1.05918 0 
2.43704e-154 709.612 0.289892 0.0214285 0.707663 1.50092 -704.562 -4.25132 -0.798905 0 
3.00543e-154 709.768 0.28645 0.0214502 0.711572 1.49118 -705.083 -4.0785 -0.606262 0 
1.8601e-155 716.452 0.30963 0.0213636 0.695159 1.4437 -702.543 -12.3162 -1.5932 0 
7.74287e-157 718.918 0.31842 0.0211847 0.682832 1.42731 -702.05 -14.2266 -2.64197 0 
5.89423e-156 717.631 0.331757 0.0212265 0.677103 1.34508 -701.841 -12.5712 -3.21912 0 
2.9521e-154 710.25 0.287092 0.0214075 0.710952 1.49483 -704.979 -4.63558 -0.635052 0 
8.71115e-155 709.472 0.286531 0.0216841 0.714239 1.4311 -705.182 -3.80043 -0.49008 0 
3.13359e-155 711.517 0.295244 0.0212088 0.704812 1.43202 -703.964 -6.59652 -0.95613 0 
3.72127e-155 714.757 0.315019 0.0212645 0.689561 1.35285 -702.339 -10.3812 -2.03677 0 
1.90448e-155 716.405 0.274378 0.0211468 0.717426 1.55466 -707.097 -8.94069 -0.367444 0 
3.33571e-156 717.383 0.310155 0.0214711 0.691532 1.41061 -702.545 -12.9638 -1.87436 0 
2.33411e-156 716.711 0.301954 0.0212475 0.698434 1.52613 -703.103 -12.2494 -1.3589 0 
3.5502e-154 709.881 0.305257 0.021514 0.69563 1.52181 -702.807 -5.51607 -1.55837 0 
2.7826e-154 710.368 0.296937 0.0216583 0.700229 1.55278 -703.602 -5.52783 -1.23841 0 
7.05685e-153 707.736 0.282517 0.0219499 0.714049 1.63267 -705.486 -1.7515 -0.497944 0 
2.1751e-154 709.028 0.271309 0.0224319 0.725479 1.66443 -707.528 -1.36403 -0.13609 0 
1.90426e-154 710.681 0.268241 0.0223026 0.727836 1.71962 -708.116 -2.47515 -0.0896776 0 
4.19778e-154 707.713 0.279605 0.0222577 0.716467 1.68615 -705.916 -1.39471 -0.402499 0 
6.17818e-155 710.159 0.271523 0.0225261 0.723305 1.72373 -707.415 -2.55649 -0.187438 0 
1.03824e-155 715.924 0.249771 0.0224367 0.741176 1.79811 -712.767 -3.14813 -0.00875717 0 
1.03836e-154 713.515 0.264128 0.0229546 0.734343 1.69406 -709.077 -4.42645 -0.0116104 0 
3.70923e-155 714.399 0.260907 0.0227291 0.734171 1.70729 -709.843 -4.54294 -0.0127258 0 
5.95914e-156 718.056 0.245407 0.0231494 0.754652 1.68311 -714.253 -3.56212 -0.240709 0 
7.62558e-155 711.125 0.280668 0.0226749 0.717251 1.68913 -705.727 -5.02358 -0.373722 0 
7.18033e-154 709.145 0.266177 0.0221285 0.725097 1.80093 -708.5 -0.50079 -0.144526 0 
9.96937e-154 708.756 0.299739 0.0217946 0.695466 1.70037 -703.134 -4.05116 -1.57041 0 
2.85646e-154 707.097 0.284035 0.0220614 0.71112 1.71808 -705.15 -1.31969 -0.627191 0 
2.55903e-154 709.514 0.282074 0.0221381 0.714876 1.70319 -705.479 -3.57104 -0.464178 0 
1.45011e-153 708.242 0.273975 0.021955 0.717883 1.76101 -706.891 -1.00026 -0.351305 0 
6.36466e-155 711.486 0.265503 0.0219397 0.724341 1.76955 -708.681 -2.64327 -0.161961 0 
1.53085e-154 711.117 0.267184 0.0225757 0.726586 1.75526 -708.315 -2.68937 -0.113098 0 
3.3497e-156 715.989 0.256358 0.0223938 0.735217 1.74247 -710.977 -5.00469 -0.00672436 0 
9.39825e-155 713.715 0.249477 0.0226042 0.747196 1.7211 -712.946 -0.695481 -0.0734025 0 
6.483e-154 710.428 0.269558 0.0226149 0.728471 1.65151 -707.916 -2.43278 -0.0788185 0 
2.25805e-154 709.764 0.272466 0.0222049 0.725151 1.64054 -707.324 -2.29722 -0.143304 0 
9.82851e-156 715.222 0.288048 0.0219927 0.712641 1.60277 -704.672 -9.9918 -0.55824 0 
9.28016e-154 708.632 0.279266 0.0219659 0.717785 1.6225 -706.055 -2.22222 -0.354723 0 
6.40804e-154 708.7 0.273484 0.0218749 0.720385 1.6562 -707.097 -1.33344 -0.269348 0 
8.43812e-154 708.15 0.291915 0.0219616 0.705195 1.61704 -704.12 -3.09512 -0.93419 0 
3.9798e-155 711.039 0.285868 0.0220328 0.709412 1.62408 -704.966 -5.3637 -0.709425 0 
6.05603e-155 710.199 0.292458 0.0219783 0.704095 1.61218 -704.056 -5.14579 -0.997867 0 
1.41144e-154 710.704 0.306603 0.0214723 0.689164 1.64665 -702.563 -6.07142 -2.07026 0 
6.49811e-155 713.277 0.309254 0.0215563 0.691218 1.64023 -702.372 -9.00568 -1.8998 0 
2.26488e-154 710.78 0.305494 0.0216912 0.693348 1.69497 -702.612 -6.43754 -1.73071 0 
1.90989e-154 712.061 0.293979 0.0212362 0.697601 1.76158 -703.736 -6.90851 -1.41675 0 
7.59325e-155 709.747 0.295782 0.0217806 0.697401 1.73547 -703.539 -4.77655 -1.43081 0 
4.41751e-154 708.422 0.301197 0.0215588 0.69454 1.71206 -702.983 -3.79965 -1.63957 0 
2.95923e-154 710.918 0.314481 0.0213893 0.682255 1.68019 -702.024 -6.19655 -2.69749 0 
7.00021e-154 709.463 0.311021 0.0216381 0.688655 1.6576 -702.24 -5.10936 -2.11365 0 
4.42383e-154 710.114 0.316134 0.0216076 0.684848 1.63616 -701.974 -5.68729 -2.45237 0 
4.77168e-155 714.26 0.326468 0.0212069 0.672482 1.6612 -701.644 -8.88901 -3.72618 0 
9.1079e-154 709.172 0.308876 0.0214152 0.687888 1.6784 -702.368 -4.62462 -2.1799 0 
2.03214e-154 710.551 0.295591 0.0213061 0.696156 1.7678 -703.542 -5.48912 -1.51992 0 
1.33809e-154 711.833 0.307589 0.0211267 0.686421 1.73397 -702.427 -7.09668 -2.30941 0 
1.32935e-154 708.627 0.292099 0.0217068 0.702172 1.76583 -703.967 -3.54561 -1.1143 0 
6.05985e-154 708.365 0.286803 0.0217465 0.705488 1.82162 -704.662 -2.78545 -0.917567 0 
1.1605e-153 708.452 0.274748 0.0220741 0.714706 1.88333 -706.672 -1.3091 -0.471021 0 
1.95271e-153 707.411 0.278238 0.0222758 0.715549 1.81629 -706.056 -0.918313 -0.437544 0 
4.5214e-154 709.397 0.276822 0.0226802 0.718959 1.80981 -706.315 -2.76728 -0.314737 0 
3.54346e-156 715.876 0.265064 0.0232197 0.732457 1.84277 -708.732 -7.11809 -0.0266669 0 
1.37859e-156 719.151 0.267592 0.022926 0.730907 1.82647 -708.171 -10.9361 -0.043675 0 
2.38495e-156 719.887 0.277778 0.0228851 0.716736 1.77432 -706.165 -13.3295 -0.39251 0 
4.67103e-156 716.71 0.25586 0.0231244 0.738736 1.82414 -711.035 -5.67438 -0.00047 0 
1.56597e-154 711.072 0.261978 0.0227482 0.730987 1.84603 -709.459 -1.56963 -0.0426973 0 
2.05947e-154 709.949 0.265982 0.022707 0.728673 1.80751 -708.541 -1.33246 -0.0755097 0 
2.14977e-154 710.884 0.27083 0.0224329 0.719697 1.8656 -707.46 -3.13311 -0.29081 0 
5.01835e-155 712.772 0.258599 0.0228362 0.732202 1.94428 -710.267 -2.47596 -0.0291782 0 
2.66014e-154 713.02 0.264506 0.0230821 0.730068 1.89162 -708.836 -4.12925 -0.0546173 0 
1.98721e-155 716.011 0.242567 0.0227612 0.748524 1.93513 -714.925 -0.990315 -0.0961426 0 
2.79516e-154 711.535 0.256963 0.0223114 0.733672 1.8965 -710.701 -0.817467 -0.0162602 0 
4.87436e-155 710.633 0.268412 0.0218582 0.719627 1.88577 -707.963 -2.37728 -0.293025 0 
1.29806e-154 710.872 0.300518 0.021551 0.691481 1.77569 -703.012 -5.98084 -1.87853 0 
8.95608e-154 710.228 0.289627 0.0219631 0.701285 1.83435 -704.259 -4.79898 -1.1701 0 
7.30665e-155 713.043 0.281293 0.0220165 0.711955 1.89839 -705.495 -6.95883 -0.588817 0 
1.13797e-153 707.916 0.272024 0.0221728 0.71744 1.9383 -707.196 -0.352916 -0.366954 0 
3.23341e-154 706.849 0.289077 0.0221584 0.70483 1.87119 -704.321 -1.57323 -0.955088 0 
1.6927e-154 709.53 0.312366 0.0215771 0.684074 1.85812 -702.064 -4.94118 -2.5243 0 
7.00326e-155 711.295 0.285705 0.0214371 0.702137 1.93596 -704.793 -5.38593 -1.11642 0 
3.02549e-155 715.746 0.286479 0.0212035 0.700976 1.92836 -704.677 -9.87882 -1.18994 0 
1.86959e-155 712.55 0.266193 0.0220104 0.72319 1.95573 -708.44 -3.9193 -0.190388 0 
5.89468e-154 707.034 0.277846 0.02233 0.714273 1.89611 -706.092 -0.453425 -0.488699 0 
3.08762e-154 709.139 0.267878 0.0222865 0.720983 1.94368 -708.067 -0.820182 -0.251375 0 
2.64384e-154 710.024 0.281392 0.0222136 0.707499 1.9613 -705.474 -3.74278 -0.807565 0 
8.50859e-154 709.073 0.272839 0.0225023 0.719856 1.9461 -707.033 -1.75445 -0.285765 0 
3.30592e-154 709.577 0.267077 0.022535 0.723397 1.92017 -708.244 -1.14843 -0.185105 0 
2.98876e-154 710.898 0.256581 0.0224615 0.734296 1.89043 -710.805 -0.0811265 -0.01191 0 
5.47594e-155 710.401 0.26712 0.0223267 0.725582 1.87162 -708.253 -2.01403 -0.133849 0 
3.52868e-153 707.199 0.292983 0.0219052 0.69813 1.90645 -703.797 -2.0223 -1.37991 0 
3.32799e-153 708.542 0.295749 0.0215222 0.694734 1.89149 -703.475 -3.44291 -1.62499 0 
4.31958e-154 708.467 0.294961 0.0217971 0.696566 1.84083 -703.582 -3.39514 -1.49023 0 
2.16263e-153 707.207 0.297232 0.0220107 0.697114 1.8093 -703.336 -2.42011 -1.45112 0 
4.63497e-155 710.734 0.262821 0.0221832 0.728392 1.86439 -709.247 -1.40735 -0.0801407 0 
1.71246e-153 707.91 0.303095 0.022059 0.693298 1.78473 -702.767 -3.40818 -1.7346 0 
4.98586e-153 706.923 0.291276 0.0218129 0.700619 1.84825 -704.034 -1.67588 -1.21295 0 
1.22389e-153 706.96 0.287582 0.0221241 0.702945 1.95924 -704.518 -1.37495 -1.06673 0 
3.43352e-153 706.518 0.2861 0.0220128 0.705037 1.92325 -704.733 -0.841641 -0.943217 0 
1.17261e-153 706.47 0.297087 0.0218829 0.695275 1.92823 -703.32 -1.56533 -1.58458 0 
5.77342e-155 710.295 0.293943 0.0214274 0.695139 1.96978 -703.681 -5.01893 -1.59467 0 
8.30013e-155 710.955 0.29892 0.0213128 0.690118 1.98918 -703.128 -5.83739 -1.99015 0 
2.83219e-154 710.698 0.290923 0.0214393 0.69765 1.97132 -704.06 -5.22387 -1.41329 0 
4.53247e-155 710.779 0.314552 0.0213905 0.677828 1.95404 -701.936 -5.69985 -3.14299 0 
5.40497e-155 711.813 0.284438 0.0215587 0.703642 2.0131 -704.986 -5.80182 -1.02472 0 
1.79379e-153 708.552 0.301171 0.0215012 0.689438 1.94298 -702.904 -3.60143 -2.04712 0 
2.65778e-154 708.628 0.290867 0.0219973 0.698994 1.95072 -704.067 -3.23946 -1.32074 0 
9.43987e-155 712.084 0.281013 0.0222839 0.70782 1.955 -705.537 -5.75626 -0.790631 0 
2.51807e-155 711.954 0.28316 0.0223548 0.707133 1.91399 -705.186 -5.94134 -0.827043 0 
1.90526e-156 717.117 0.273938 0.022349 0.713872 1.92782 -706.817 -9.79504 -0.505364 0 
1.74814e-154 710.276 0.277623 0.0224027 0.713446 1.86971 -706.143 -3.61001 -0.523351 0 
3.43014e-154 708.117 0.271773 0.0221307 0.7186 1.89996 -707.248 -0.542967 -0.326703 0 
8.27335e-154 709.129 0.285631 0.0225254 0.710041 1.88251 -704.814 -3.63692 -0.678578 0 
7.97968e-154 708.261 0.286393 0.0224705 0.70748 1.8629 -704.707 -2.74579 -0.808547 0 
1.29945e-154 711.445 0.271914 0.0221798 0.716061 1.922 -707.219 -3.80856 -0.417817 0 
6.2962e-154 708.289 0.279905 0.0222758 0.713978 1.85891 -705.745 -2.04281 -0.500929 0 
2.60294e-154 709.48 0.30226 0.0220325 0.695907 1.78152 -702.844 -5.09812 -1.53803 0 
3.17105e-153 707.949 0.288265 0.0223313 0.705857 1.81875 -704.453 -2.59904 -0.896877 0 
9.94489e-154 707.375 0.278246 0.0222141 0.714476 1.85965 -706.035 -0.859056 -0.480349 0 
1.62404e-154 709.613 0.266013 0.0222379 0.726606 1.82009 -708.527 -0.97329 -0.112702 0 
1.11276e-155 715.785 0.263087 0.0219565 0.722764 1.90771 -709.16 -6.42301 -0.201497 0 
2.62541e-155 714.643 0.273088 0.0215962 0.716277 1.8689 -707.002 -7.23216 -0.409624 0 
2.52019e-153 706.634 0.288871 0.0219133 0.702265 1.92019 -704.336 -1.18976 -1.10853 0 
2.91071e-153 706.613 0.29312 0.0221989 0.701044 1.88655 -703.788 -1.63966 -1.18556 0 
5.398e-154 707.21 0.289025 0.0223213 0.705427 1.89205 -704.321 -1.96855 -0.920983 0 
3.61986e-154 708.821 0.279148 0.0217763 0.70905 1.94076 -705.856 -2.23725 -0.727535 0 
4.99857e-154 708.175 0.304586 0.0215211 0.688232 1.87077 -702.609 -3.4159 -2.15009 0 
5.35921e-154 708.611 0.290551 0.0215839 0.699614 1.89454 -704.114 -3.21842 -1.27906 0 
5.4937e-155 710.394 0.277407 0.0223794 0.716389 1.91526 -706.166 -3.82322 -0.405429 0 
6.52858e-157 719.259 0.25511 0.0229398 0.739489 1.98878 -711.185 -8.07281 -0.00192553 0 
4.97161e-156 718.783 0.245999 0.0232673 0.745765 1.99879 -713.829 -4.90102 -0.052334 0 
4.38557e-157 722.828 0.256172 0.0234471 0.741797 1.93607 -710.902 -11.9133 -0.0125166 0 
1.60266e-157 722.068 0.255914 0.023492 0.740869 2.00021 -710.968 -11.0933 -0.00714411 0 
8.08505e-158 723.437 0.23304 0.023112 0.756564 2.07587 -718.221 -4.91652 -0.299142 0 
4.81738e-158 724.472 0.23062 0.0229582 0.757503 2.12609 -719.124 -5.01792 -0.330178 0 
1.28332e-156 717.908 0.241933 0.0227703 0.744614 2.15758 -715.118 -2.7518 -0.0379718 0 
2.28318e-154 711.129 0.294152 0.0224362 0.697576 2.00831 -703.657 -6.05279 -1.41849 0 
5.43218e-154 709.395 0.285683 0.0225868 0.705042 2.06508 -704.798 -3.65418 -0.942882 0 
4.6315e-154 709.349 0.283397 0.0227735 0.710326 2.04606 -705.15 -3.53451 -0.664814 0 
4.09908e-154 707.761 0.288221 0.0225716 0.704421 2.02752 -704.429 -2.35369 -0.978778 0 
6.49148e-154 708.228 0.271355 0.0225907 0.718164 2.06113 -707.331 -0.555098 -0.341553 0 
1.36976e-156 717.777 0.30767 0.0224222 0.686177 2.00951 -702.361 -13.0845 -2.33129 0 
1.94418e-153 706.48 0.291493 0.0219852 0.698083 2.05537 -703.988 -1.10872 -1.3831 0 
1.19398e-154 708.842 0.281501 0.0220993 0.706169 2.03082 -705.457 -2.50557 -0.879552 0 
5.29571e-153 707.249 0.295183 0.0220071 0.698425 1.93333 -703.534 -2.35506 -1.3595 0 
1.21839e-153 706.393 0.291031 0.0221269 0.701178 1.9851 -704.047 -1.16959 -1.17694 0 
1.44916e-153 707.433 0.283515 0.0224638 0.708702 2.04251 -705.131 -1.55634 -0.74512 0 
2.52676e-153 706.896 0.290208 0.0222203 0.699637 2.08284 -704.158 -1.46092 -1.27753 0 
1.25529e-153 707.355 0.299297 0.02234 0.694725 2.00423 -703.09 -2.63986 -1.62563 0 
1.26622e-154 708.724 0.274698 0.0227453 0.716131 2.06188 -706.67 -1.63899 -0.415166 0 
2.08342e-154 707.728 0.271964 0.0223223 0.715828 2.11424 -707.208 -0.0938076 -0.426753 0 
5.22963e-154 708.085 0.270293 0.0225011 0.718224 2.09364 -707.55 -0.194817 -0.339481 0 
4.28063e-154 709.872 0.271711 0.022086 0.715519 2.13946 -707.259 -2.1738 -0.438719 0 
7.91225e-153 706.235 0.299867 0.0221336 0.692162 2.10018 -703.036 -1.3752 -1.82393 0 
4.35533e-154 706.253 0.288074 0.0221071 0.700798 2.18477 -704.453 -0.599071 -1.20138 0 
1.48671e-153 708.192 0.293895 0.02184 0.696129 2.13598 -703.692 -2.97863 -1.52188 0 
2.66848e-154 708.619 0.316457 0.021665 0.677436 2.04019 -701.851 -3.58488 -3.18401 0 
1.50825e-154 708.374 0.295333 0.022151 0.694823 2.06468 -703.52 -3.23555 -1.61826 0 
2.81776e-154 707.124 0.29044 0.0219095 0.697663 2.10524 -704.127 -1.58463 -1.4124 0 
6.42681e-155 710.08 0.281184 0.0218179 0.706827 2.08848 -705.51 -3.72688 -0.84352 0 
3.58451e-154 710.535 0.267933 0.0223741 0.721063 2.12754 -708.053 -2.2324 -0.249001 0 
5.12066e-155 710.535 0.302184 0.0221414 0.689332 2.03901 -702.813 -5.66599 -2.05609 0 
5.64942e-153 706.258 0.297697 0.0219968 0.693676 2.0381 -703.257 -1.29515 -1.70543 0 
1.39275e-153 707.147 0.291273 0.0223972 0.702095 2.02436 -704.016 -2.01213 -1.11909 0 
1.12671e-154 708.958 0.293087 0.0224734 0.702357 1.96928 -703.786 -4.0693 -1.10278 0 
2.88512e-153 708.138 0.288258 0.0219971 0.703882 1.95993 -704.422 -2.70582 -1.01043 0 
1.45348e-153 707.062 0.286856 0.0221787 0.706302 1.91227 -704.622 -1.5676 -0.872191 0 
1.64063e-153 707.76 0.280501 0.0225381 0.712023 1.9306 -705.623 -1.55072 -0.585746 0 
7.11313e-155 709.877 0.266577 0.0227836 0.726428 1.93112 -708.355 -1.40636 -0.116234 0 
5.29494e-154 711.141 0.278005 0.0228517 0.714784 1.95642 -706.058 -4.61508 -0.467855 0 
2.92166e-156 716.262 0.259325 0.0232941 0.737189 1.87794 -710.101 -6.16085 -0.000570372 0 
4.12664e-155 713.739 0.253683 0.0230453 0.740117 1.9357 -711.578 -2.15713 -0.0038902 0 
6.6354e-154 710.207 0.260635 0.0222723 0.729133 1.90666 -709.756 -0.383164 -0.0682479 0 
8.9744e-156 714.018 0.262504 0.0221457 0.729212 1.88163 -709.314 -4.63681 -0.0670383 0 
2.78464e-155 715.337 0.246758 0.0226885 0.743881 1.90192 -713.602 -1.70469 -0.0300248 0 
1.63493e-155 715.015 0.262517 0.0229686 0.733833 1.87399 -709.315 -5.68548 -0.0150718 0 
7.36812e-156 714.412 0.272673 0.0227968 0.724224 1.85927 -707.089 -7.15887 -0.164738 0 
1.17692e-154 708.87 0.304829 0.0220946 0.691183 1.81365 -702.606 -4.36191 -1.90263 0 
6.65235e-154 706.793 0.284099 0.0222001 0.709825 1.80784 -705.078 -1.02568 -0.689071 0 
2.37719e-154 709.662 0.284522 0.0216846 0.707624 1.80687 -705.012 -3.84839 -0.800932 0 
4.67635e-154 708.884 0.27622 0.0218088 0.7137 1.84637 -706.41 -1.96132 -0.512558 0 
1.50296e-153 707.935 0.282404 0.0221188 0.712077 1.79253 -705.355 -1.99658 -0.583319 0 
1.47434e-154 709.806 0.282929 0.0223328 0.714381 1.74017 -705.31 -4.01213 -0.484255 0 
6.11501e-154 708.347 0.294876 0.0218088 0.701326 1.72475 -703.652 -3.52783 -1.16752 0 
8.17732e-154 709.388 0.28324 0.0215626 0.707774 1.74694 -705.254 -3.34042 -0.793046 0 
2.00603e-153 708.169 0.282326 0.0219603 0.714142 1.65441 -705.491 -2.18331 -0.494094 0 
1.94905e-154 707.862 0.292056 0.0216479 0.702692 1.66202 -704.053 -2.72606 -1.08214 0 
5.8912e-154 708.422 0.27605 0.021923 0.716402 1.71575 -706.532 -1.48531 -0.404913 0 
8.79084e-154 707.621 0.282965 0.0218927 0.711402 1.71631 -705.323 -1.68471 -0.614109 0 
2.31448e-154 707.518 0.280485 0.0219578 0.71315 1.74697 -705.71 -1.27143 -0.536041 0 
1.68531e-155 714.955 0.284309 0.0214299 0.703646 1.77186 -705.067 -8.86295 -1.02445 0 
7.99849e-155 709.643 0.278891 0.0216481 0.712936 1.74236 -705.991 -3.1067 -0.545333 0 
1.21268e-155 714.802 0.263596 0.0217566 0.727128 1.79823 -709.098 -5.60105 -0.102612 0 
2.26029e-154 711.457 0.261503 0.0221221 0.731179 1.78354 -709.617 -1.7999 -0.040384 0 
1.91382e-154 710.095 0.265804 0.0220957 0.724779 1.78929 -708.595 -1.3489 -0.151737 0 
7.59891e-155 711.132 0.273961 0.0227685 0.722168 1.75293 -706.9 -4.01372 -0.217592 0 
3.2927e-155 711.418 0.270458 0.0227884 0.724279 1.7925 -707.574 -3.68068 -0.163435 0 
1.17514e-153 707.041 0.286667 0.0219468 0.705573 1.80605 -704.689 -1.4393 -0.912778 0 
1.66095e-154 710.954 0.268915 0.0217904 0.719554 1.84265 -707.875 -2.78373 -0.295357 0 
2.36422e-154 708.862 0.286545 0.0216056 0.703907 1.79659 -704.711 -3.14202 -1.00898 0 
6.4747e-154 709.352 0.291664 0.0214835 0.700451 1.77732 -704.016 -4.11274 -1.22391 0 
5.61344e-154 708.518 0.298708 0.0217183 0.695122 1.74069 -703.215 -3.7072 -1.59594 0 
7.46068e-154 707.374 0.293442 0.0217774 0.702613 1.65945 -703.881 -2.40657 -1.08699 0 
1.10198e-154 709.002 0.271193 0.0225422 0.724307 1.73971 -707.469 -1.37057 -0.162755 0 
9.95606e-156 713.81 0.314222 0.0218366 0.683095 1.72209 -702.014 -9.17984 -2.61681 0 
7.07995e-156 714.492 0.330938 0.0215995 0.674486 1.64036 -701.625 -9.36528 -3.50171 0 
1.42174e-154 711.265 0.320958 0.0214131 0.679067 1.71084 -701.739 -6.51077 -3.01481 0 
2.89648e-156 716.28 0.302982 0.0213205 0.691904 1.80917 -702.766 -11.6689 -1.84449 0 
2.83803e-155 711.715 0.321962 0.0216282 0.678969 1.76761 -701.687 -7.00362 -3.02486 0 
1.49765e-154 710.586 0.318546 0.0219752 0.682098 1.74256 -701.808 -6.06451 -2.71266 0 
9.72768e-154 709.776 0.31621 0.0216449 0.683242 1.74071 -701.907 -5.26607 -2.60282 0 
7.00198e-155 711.295 0.295982 0.0215513 0.694396 1.80866 -703.475 -6.1695 -1.65048 0 
4.97562e-153 707.048 0.293436 0.0217824 0.700453 1.77134 -703.796 -2.0286 -1.22375 0 
6.85639e-154 707.543 0.286463 0.0217552 0.705629 1.77777 -704.736 -1.8975 -0.909638 0 
5.16647e-155 710.517 0.282863 0.0214968 0.705988 1.83056 -705.264 -4.36308 -0.889556 0 
1.89238e-154 707.921 0.274085 0.0221858 0.718214 1.78351 -706.851 -0.729667 -0.339819 0 
4.80539e-155 712.048 0.292664 0.0220441 0.700674 1.74095 -703.911 -6.92767 -1.20941 0 
6.57401e-155 711.421 0.271545 0.0217867 0.718764 1.84196 -707.324 -3.77591 -0.321213 0 
1.82652e-154 710.189 0.272356 0.0218217 0.716571 1.90046 -707.13 -2.66017 -0.398599 0 
8.82359e-155 709.447 0.279047 0.0222867 0.715048 1.86719 -705.891 -3.09846 -0.457294 0 
1.19868e-154 710.22 0.295377 0.0221835 0.702088 1.80824 -703.545 -5.55564 -1.11952 0 
4.38891e-154 707.624 0.283564 0.0220159 0.708087 1.81195 -705.16 -1.68742 -0.776728 0 
2.90554e-155 713.054 0.288587 0.0220869 0.707359 1.8395 -704.4 -7.83911 -0.814991 0 
2.66625e-154 711.127 0.295134 0.0217078 0.694436 1.88831 -703.546 -5.93304 -1.64745 0 
4.40409e-155 710.836 0.281158 0.0220452 0.712425 1.85905 -705.533 -4.73589 -0.567796 0 
1.25427e-153 706.911 0.290278 0.0218714 0.702061 1.86877 -704.159 -1.63074 -1.12117 0 
7.59607e-154 707.914 0.299296 0.0218698 0.693413 1.8592 -703.102 -3.08585 -1.72567 0 
2.47219e-154 707.386 0.304001 0.0216911 0.6904 1.81842 -702.674 -2.74515 -1.9668 0 
3.61895e-156 715.834 0.312583 0.0225658 0.688421 1.77845 -702.077 -11.6233 -2.13374 0 
2.87634e-155 715.272 0.311078 0.0224303 0.68824 1.77574 -702.168 -10.9543 -2.14934 0 
3.45475e-155 711.322 0.29404 0.0223399 0.703454 1.85307 -703.687 -6.59914 -1.03593 0 
3.59501e-154 706.637 0.292376 0.0221499 0.702091 1.84374 -703.895 -1.62284 -1.11935 0 
3.20347e-154 710.451 0.271658 0.0219555 0.717887 1.93974 -707.27 -2.8299 -0.35115 0 
4.60652e-155 710.746 0.276193 0.022591 0.719257 1.86652 -706.407 -4.03495 -0.304955 0 
1.00835e-154 711.952 0.274606 0.0224486 0.7213 1.81641 -706.729 -4.98078 -0.242105 0 
1.13484e-153 709.134 0.26478 0.022261 0.725327 1.89414 -708.772 -0.222704 -0.139414 0 
1.9147e-154 710.094 0.279242 0.0220959 0.715187 1.80291 -705.884 -3.75813 -0.451763 0 
5.73749e-156 717.685 0.273892 0.0217489 0.719901 1.76263 -706.906 -10.4952 -0.284347 0 
6.488e-154 710.252 0.287575 0.0215046 0.703239 1.73216 -704.605 -4.59831 -1.04892 0 
2.43177e-155 712.024 0.308611 0.0219345 0.690088 1.63811 -702.419 -7.61246 -1.99265 0 
1.6666e-154 712.569 0.279576 0.0217976 0.714354 1.76389 -705.854 -6.22966 -0.48535 0 
1.33938e-153 707.59 0.278406 0.022097 0.714569 1.75171 -706.07 -1.04396 -0.47659 0 
3.38832e-154 708.142 0.28714 0.0222586 0.710539 1.69143 -704.699 -2.7879 -0.654625 0 
4.20246e-154 709.908 0.288488 0.0225364 0.710221 1.71317 -704.489 -4.75 -0.669869 0 
2.20812e-154 709.809 0.278476 0.0225366 0.716907 1.73659 -706.069 -3.35356 -0.386198 0 
9.01432e-154 709.404 0.263838 0.0223578 0.729919 1.77277 -709.065 -0.281784 -0.0566852 0 
8.44289e-154 709.725 0.278168 0.0217343 0.715245 1.71166 -706.146 -3.13032 -0.449485 0 
7.86514e-155 709.676 0.279501 0.0220798 0.712403 1.75485 -705.874 -3.23385 -0.568754 0 
2.96331e-154 710.242 0.263903 0.0227045 0.730962 1.79251 -709.029 -1.17017 -0.0429969 0 
4.56436e-154 709.379 0.294254 0.021741 0.701877 1.71999 -703.729 -4.51648 -1.13272 0 
8.07457e-155 709.624 0.298107 0.0224012 0.70067 1.73115 -703.285 -5.12959 -1.20964 0 
6.55847e-153 707.186 0.282789 0.021989 0.709397 1.7925 -705.293 -1.1828 -0.71016 0 
8.78445e-156 714.061 0.301203 0.0222086 0.700419 1.68499 -703.002 -9.83253 -1.22598 0 
4.26457e-155 713.673 0.321722 0.0219394 0.680416 1.64955 -701.753 -9.04177 -2.87842 0 
2.3704e-155 713.462 0.308581 0.022183 0.693332 1.72512 -702.359 -9.37022 -1.73196 0 
1.04286e-155 713.717 0.317441 0.0211486 0.676523 1.78179 -701.836 -8.60066 -3.28071 0 
1.05754e-154 710.471 0.278785 0.0216053 0.709386 1.89649 -705.925 -3.83477 -0.710727 0 
4.79629e-154 708.258 0.277624 0.0220513 0.71439 1.86258 -706.146 -1.62812 -0.483876 0 
7.9391e-154 707.25 0.294936 0.0221801 0.70012 1.80915 -703.596 -2.4084 -1.24554 0 
5.21527e-155 710.498 0.296611 0.022254 0.698445 1.78323 -703.417 -5.72287 -1.35817 0 
1.70326e-155 714.934 0.332843 0.0216019 0.673234 1.63136 -701.635 -9.65728 -3.64112 0 
3.24937e-155 713.642 0.318824 0.0219488 0.685223 1.65594 -701.846 -9.378 -2.41794 0 
3.96784e-155 711.045 0.312788 0.0218858 0.688859 1.67204 -702.122 -6.82621 -2.09624 0 
8.65266e-154 709.275 0.313377 0.0214816 0.68487 1.67968 -702.084 -4.74087 -2.45034 0 
1.8082e-154 710.209 0.317521 0.0215958 0.683755 1.62395 -701.922 -5.73292 -2.5543 0 
2.23571e-155 712.192 0.297246 0.021617 0.699736 1.70329 -703.396 -7.52535 -1.27098 0 
1.3367e-155 714.607 0.267339 0.0223324 0.728662 1.77202 -708.265 -6.26652 -0.0756851 0 
3.19504e-154 709.646 0.26402 0.0221938 0.728318 1.79673 -708.999 -0.565072 -0.0813714 0 
1.13093e-154 710.336 0.282101 0.0220458 0.712374 1.81223 -705.396 -4.37033 -0.570055 0 
1.76574e-154 709.445 0.290984 0.0222994 0.707202 1.73683 -704.131 -4.49139 -0.823379 0 
1.25613e-154 708.74 0.289166 0.0224797 0.707666 1.7659 -704.357 -3.58456 -0.798746 0 
5.08225e-153 707.12 0.288874 0.0222149 0.706725 1.75884 -704.402 -1.86923 -0.849071 0 
1.0785e-154 709.045 0.286734 0.0220676 0.708207 1.8154 -704.675 -3.59944 -0.770508 0 
6.95356e-154 709.712 0.296031 0.0214499 0.69652 1.80353 -703.472 -4.74695 -1.49355 0 
2.62706e-155 714.067 0.287232 0.0217542 0.707048 1.81382 -704.603 -8.63214 -0.831609 0 
1.90817e-154 712.298 0.265247 0.0220745 0.722822 1.86444 -708.678 -3.42011 -0.199988 0 
1.2405e-154 711.538 0.270742 0.0217691 0.716161 1.90083 -707.459 -3.66488 -0.413999 0 
4.45359e-154 708.406 0.269764 0.0221958 0.72091 1.89984 -707.663 -0.489135 -0.253542 0 
1.32168e-153 708.192 0.281657 0.0218098 0.70856 1.88948 -705.438 -2.00176 -0.752332 0 
2.69222e-153 708.026 0.2793 0.0219769 0.71073 1.85728 -705.85 -1.53041 -0.645554 0 
1.10064e-153 706.596 0.291186 0.0219582 0.702556 1.80769 -704.061 -1.44507 -1.0905 0 
6.80038e-154 708.135 0.269856 0.0224196 0.72243 1.85137 -707.671 -0.253767 -0.210436 0 
1.59354e-155 712.869 0.28225 0.0225992 0.711668 1.79697 -705.378 -6.88918 -0.601908 0 
2.59294e-154 712.26 0.259444 0.022829 0.733026 1.87265 -710.073 -2.16561 -0.0214766 0 
4.69054e-154 707.491 0.27666 0.0223434 0.71633 1.86768 -706.319 -0.764376 -0.407611 0 
1.69819e-154 710.334 0.263988 0.0220502 0.72512 1.88763 -708.959 -1.23132 -0.144009 0 
1.15873e-154 711.099 0.292538 0.0215895 0.696427 1.86796 -703.866 -5.73241 -1.50025 0 
1.54904e-154 711.54 0.274573 0.0223273 0.715808 1.8463 -706.722 -4.39052 -0.427509 0 
5.94384e-154 709.79 0.270646 0.0219075 0.718362 1.90558 -707.479 -1.97697 -0.334778 0 
5.22476e-155 710.495 0.266912 0.0221352 0.719658 2.01081 -708.279 -1.92388 -0.292051 0 
1.03247e-155 713.737 0.265736 0.0225706 0.726534 2.01906 -708.542 -5.08091 -0.114131 0 
4.27477e-153 706.481 0.290755 0.022223 0.70236 1.91072 -704.081 -1.29738 -1.10261 0 
2.85144e-153 706.387 0.286706 0.0221959 0.705173 1.96658 -704.645 -0.807094 -0.935431 0 
4.37145e-154 709.83 0.307845 0.0223143 0.688813 1.90789 -702.345 -5.3848 -2.10013 0 
5.66321e-154 709.312 0.275436 0.0225272 0.71333 2.06176 -706.53 -2.25374 -0.528288 0 
4.44638e-155 712.203 0.29515 0.0228889 0.701343 2.02131 -703.54 -7.49664 -1.16646 0 
2.24851e-155 712.181 0.294105 0.0227566 0.702851 2.00171 -703.663 -7.4456 -1.07245 0 
2.53141e-154 710.111 0.318342 0.0221909 0.680418 1.9684 -701.77 -5.4633 -2.87825 0 
2.15168e-155 714.466 0.329173 0.0219909 0.673924 1.92184 -701.54 -9.36212 -3.56398 0 
3.10604e-155 715.427 0.332389 0.0218689 0.670798 1.97027 -701.545 -9.96091 -3.92027 0 
6.59038e-155 713.922 0.326613 0.0217101 0.674176 1.95474 -701.563 -8.82315 -3.53607 0 
4.87624e-155 714.524 0.329638 0.0220577 0.670228 1.98497 -701.542 -8.99516 -3.98701 0 
3.80727e-154 711.492 0.327993 0.0219554 0.672783 2.00814 -701.552 -6.24785 -3.6921 0 
2.74285e-155 713.981 0.322854 0.021858 0.676475 2.08367 -701.637 -9.05786 -3.28585 0 
3.3825e-156 715.969 0.312422 0.0212882 0.675385 2.16448 -702.06 -10.5061 -3.4033 0 
3.79395e-155 711.135 0.281346 0.0216477 0.703274 2.23394 -705.486 -4.6021 -1.04677 0 
1.4428e-155 713.068 0.278488 0.0215812 0.703933 2.25137 -705.975 -6.08547 -1.00744 0 
2.56341e-155 714.116 0.272594 0.021627 0.710053 2.24473 -707.082 -6.35572 -0.677959 0 
6.87248e-156 715.938 0.272718 0.0215208 0.708956 2.27043 -707.058 -8.1479 -0.732241 0 
2.72153e-155 714.572 0.284037 0.021596 0.698148 2.25276 -705.053 -8.13945 -1.37864 0 
1.54192e-154 711.914 0.278777 0.0216564 0.704133 2.25237 -705.925 -4.99354 -0.995617 0 
1.41358e-154 710.701 0.273353 0.0220989 0.712985 2.28114 -706.932 -3.22552 -0.543174 0 
9.79019e-155 709.239 0.270328 0.0224709 0.715628 2.22521 -707.544 -1.2605 -0.434466 0 
2.05071e-154 709.957 0.279481 0.0222974 0.706504 2.20013 -705.801 -3.29511 -0.861092 0 
1.30196e-153 707.955 0.294978 0.0225072 0.697778 2.07763 -703.562 -2.98877 -1.40433 0 
6.12397e-154 707.769 0.295655 0.0224359 0.697659 2.0152 -703.482 -2.87417 -1.41269 0 
1.26178e-155 716.109 0.318397 0.0220474 0.681963 2.0009 -701.769 -11.6138 -2.72579 0 
1.61092e-156 717.453 0.315968 0.0216454 0.675463 2.03307 -701.872 -12.186 -3.39488 0 
1.08009e-153 709.042 0.290103 0.0222394 0.699013 2.08242 -704.172 -3.55116 -1.31944 0 
3.1967e-154 706.872 0.293421 0.0223959 0.699751 2.04187 -703.746 -1.85558 -1.26993 0 
5.50885e-154 707.17 0.282559 0.0222393 0.7054 2.12986 -705.285 -0.962086 -0.922518 0 
1.82404e-153 706.608 0.287576 0.022436 0.703981 2.08317 -704.521 -1.08205 -1.00461 0 
4.36692e-154 708.445 0.267817 0.0224403 0.719326 2.17195 -708.079 -0.0638577 -0.30271 0 
2.96665e-153 707.546 0.278768 0.022605 0.711245 2.11603 -705.924 -1.00094 -0.621388 0 
2.90824e-153 707.061 0.279059 0.0225126 0.711476 2.07168 -705.872 -0.5782 -0.610679 0 
2.1365e-156 716.888 0.254328 0.0224062 0.729683 2.14237 -711.392 -5.43568 -0.0600443 0 
6.28022e-156 716.929 0.267063 0.0217442 0.719462 2.0676 -708.244 -8.38624 -0.298302 0 
2.37055e-154 707.47 0.285945 0.0222871 0.706459 2.00874 -704.758 -1.84858 -0.863584 0 
3.9732e-154 708.634 0.271715 0.0223741 0.716282 2.04879 -707.258 -0.966898 -0.409444 0 
1.88222e-154 711.15 0.260485 0.0222767 0.725929 2.06135 -709.788 -1.23559 -0.126475 0 
3.20115e-155 712.861 0.256941 0.0222669 0.730928 2.05581 -710.694 -2.12358 -0.0434087 0 
1.03949e-154 709.119 0.266807 0.0226306 0.723459 1.9891 -708.302 -0.632976 -0.183533 0 
5.93353e-154 707.832 0.281229 0.0224359 0.709588 1.97639 -705.501 -1.63031 -0.70072 0 
1.19735e-153 708.39 0.289004 0.0219259 0.703827 1.89953 -704.321 -3.05467 -1.01373 0 
9.82059e-154 708.211 0.289181 0.0217651 0.702611 1.88429 -704.302 -2.82175 -1.08713 0 
3.36328e-154 710.354 0.286367 0.0227165 0.710164 1.88402 -704.703 -4.97792 -0.672614 0 
8.38468e-154 707.716 0.293464 0.0224577 0.701252 1.9328 -703.738 -2.80529 -1.17226 0 
6.25374e-154 707.727 0.292787 0.0216984 0.696969 1.93895 -703.822 -2.44378 -1.46143 0 
1.99646e-153 706.427 0.28712 0.0220208 0.704073 1.93316 -704.584 -0.844007 -0.999187 0 
8.50201e-155 709.521 0.294455 0.0221937 0.697701 1.90605 -703.619 -4.49235 -1.40975 0 
3.20496e-153 707.231 0.297716 0.0221543 0.695817 1.90977 -703.251 -2.43542 -1.54459 0 
9.08216e-154 708.367 0.294917 0.0220413 0.699301 1.93329 -703.565 -3.50203 -1.30001 0 
7.39282e-154 706.581 0.300044 0.0219519 0.692369 1.96824 -703.014 -1.76029 -1.80749 0 
6.48024e-156 718.253 0.302581 0.0224105 0.697231 1.91653 -702.772 -14.0373 -1.44278 0 
3.67325e-155 715.995 0.325458 0.0222294 0.679433 1.78162 -701.606 -11.4116 -2.97749 0 
3.07048e-154 711.347 0.307726 0.0224495 0.6916 1.90218 -702.353 -7.12505 -1.86892 0 
4.32141e-154 709.042 0.305478 0.0218505 0.688161 1.86434 -702.538 -4.34766 -2.15616 0 
3.98267e-154 708.63 0.305819 0.0219535 0.689631 1.8115 -702.526 -4.07264 -2.03085 0 
1.19615e-153 706.43 0.290493 0.0220493 0.70212 1.87197 -704.129 -1.18369 -1.1175 0 
1.18769e-153 708.139 0.288501 0.0223036 0.704718 1.84876 -704.409 -2.76849 -0.961551 0 
1.10517e-153 707.975 0.29496 0.0221659 0.701464 1.813 -703.592 -3.22411 -1.15877 0 
2.29982e-154 707.531 0.273622 0.0223466 0.718077 1.87736 -706.893 -0.293135 -0.344537 0 
1.37547e-154 709.945 0.266072 0.0221246 0.722498 1.90246 -708.469 -1.26731 -0.208594 0 
4.04099e-154 709.987 0.271487 0.0222341 0.716646 1.95423 -707.305 -2.28601 -0.395821 0 
5.23917e-154 707.27 0.278175 0.0222319 0.712582 1.98293 -706.028 -0.681769 -0.560847 0 
1.24374e-153 708.314 0.287316 0.0223533 0.704887 1.90601 -704.555 -2.80648 -0.951771 0 
4.10028e-154 708.571 0.286536 0.0223851 0.709848 1.80188 -704.71 -3.17346 -0.687979 0 
3.92482e-154 708.659 0.267137 0.0225067 0.725325 1.86258 -708.253 -0.26599 -0.139449 0 
3.77905e-154 709.31 0.30411 0.021672 0.688798 1.82834 -702.662 -4.54677 -2.1014 0 
6.6905e-154 708.167 0.298315 0.0215778 0.694376 1.84755 -703.207 -3.30837 -1.65193 0 
9.22952e-154 707.524 0.287637 0.0220305 0.703867 1.85467 -704.529 -1.98371 -1.01135 0 
6.03546e-154 707.798 0.280309 0.022363 0.71311 1.90182 -705.656 -1.60436 -0.53778 0 
1.27394e-153 709.077 0.294094 0.0224728 0.700137 1.91276 -703.662 -4.17033 -1.24443 0 
2.14134e-154 710.446 0.290025 0.0220014 0.701703 1.8027 -704.217 -5.08541 -1.14365 0 
4.89007e-156 715.232 0.288009 0.0215887 0.705731 1.79919 -704.498 -9.83065 -0.903911 0 
2.58769e-155 713.286 0.304281 0.0218431 0.690704 1.71292 -702.702 -8.64198 -1.94173 0 
1.13326e-154 710.332 0.283647 0.0220835 0.70971 1.70574 -705.222 -4.41597 -0.694723 0 
1.62242e-154 710.426 0.308436 0.0218624 0.692991 1.62509 -702.443 -6.22424 -1.75851 0 
2.90045e-154 711.225 0.312629 0.0215541 0.684895 1.64773 -702.15 -6.62737 -2.44803 0 
8.83911e-155 710.829 0.308707 0.0212014 0.68584 1.71006 -702.359 -6.10912 -2.36167 0 
3.355e-154 710.359 0.300342 0.0214049 0.692396 1.71964 -703.062 -5.49168 -1.80533 0 
3.99215e-154 709.2 0.288155 0.021531 0.70458 1.72981 -704.523 -3.70721 -0.969537 0 
1.93888e-154 710.069 0.295776 0.0213988 0.697604 1.74037 -703.537 -5.11563 -1.41649 0 
1.93619e-155 715.699 0.277884 0.0212162 0.709332 1.7888 -706.135 -8.85048 -0.713392 0 
4.84617e-155 712.031 0.284747 0.0218455 0.704808 1.81132 -704.976 -6.09931 -0.956357 0 
2.04663e-154 709.961 0.309043 0.0220668 0.691669 1.70165 -702.34 -5.75802 -1.86332 0 
9.9698e-155 712.786 0.29475 0.0224167 0.702484 1.69615 -703.687 -8.00426 -1.09498 0 
6.94166e-154 711.503 0.304147 0.022273 0.6965 1.63257 -702.778 -7.23008 -1.49501 0 
9.63327e-155 709.271 0.276683 0.0221825 0.719502 1.71093 -706.418 -2.55615 -0.297015 0 
6.54578e-155 710.044 0.307407 0.0216294 0.691357 1.68499 -702.47 -5.6854 -1.88854 0 
7.43639e-153 706.849 0.291647 0.0221303 0.703636 1.77856 -704.017 -1.80717 -1.02505 0 
1.43998e-154 710.664 0.293567 0.0215703 0.696561 1.81287 -703.758 -5.41544 -1.4906 0 
2.79977e-153 706.691 0.287077 0.0219687 0.706029 1.80363 -704.63 -1.1738 -0.887289 0 
2.8174e-154 710.343 0.307628 0.0221694 0.690804 1.73911 -702.421 -5.98887 -1.93357 0 
1.02528e-154 710.533 0.304082 0.022314 0.695868 1.76597 -702.69 -6.30139 -1.54091 0 
1.57275e-154 709.677 0.285413 0.0220957 0.706411 1.79758 -704.88 -3.93099 -0.866218 0 
7.51681e-154 709.054 0.267596 0.022254 0.723767 1.88645 -708.141 -0.737189 -0.17585 0 
2.64771e-154 710.468 0.260942 0.0221995 0.728209 1.90792 -709.68 -0.704526 -0.0832151 0 
6.25956e-154 709.112 0.273797 0.0222387 0.718913 1.87485 -706.86 -1.93559 -0.31626 0 
3.13883e-154 706.909 0.281649 0.0222574 0.711042 1.84774 -705.456 -0.82212 -0.63086 0 
3.34663e-154 708.978 0.300889 0.0214559 0.691062 1.88042 -702.938 -4.12677 -1.91252 0 
4.39679e-153 707.296 0.306391 0.0218123 0.689223 1.82751 -702.476 -2.75423 -2.06524 0 
3.48752e-154 711.092 0.288758 0.0222963 0.708032 1.82836 -704.381 -5.93206 -0.779598 0 
3.09156e-154 708.325 0.277129 0.0224723 0.71491 1.88207 -706.228 -1.63478 -0.462806 0 
6.56737e-154 708.205 0.280564 0.0224113 0.713934 1.86056 -705.632 -2.06972 -0.502734 0 
1.56099e-153 709.117 0.280065 0.0225301 0.715595 1.83382 -705.728 -2.95246 -0.435755 0 
7.74465e-155 709.707 0.27731 0.0227477 0.71798 1.83894 -706.213 -3.14663 -0.347932 0 
3.8404e-154 710.9 0.285819 0.0227478 0.711635 1.78824 -704.825 -5.47081 -0.603414 0 
4.90439e-154 710.986 0.304511 0.022373 0.696081 1.73498 -702.67 -6.79002 -1.52538 0 
3.75777e-153 708.032 0.295747 0.0223047 0.700908 1.78111 -703.516 -3.32211 -1.19426 0 
8.22785e-154 708.2 0.294619 0.0219669 0.697606 1.85036 -703.619 -3.16499 -1.4164 0 
9.17658e-154 709.559 0.309939 0.02195 0.686834 1.78548 -702.237 -5.0494 -2.27254 0 
3.94221e-155 711.058 0.300467 0.0217581 0.696095 1.79444 -703.006 -6.52714 -1.52433 0 
1.17467e-153 707.853 0.280492 0.0220538 0.711553 1.8828 -705.635 -1.60996 -0.607156 0 
5.20532e-154 709.789 0.280286 0.021645 0.707565 1.91476 -705.66 -3.32494 -0.804082 0 
1.3752e-154 711.332 0.275691 0.0218617 0.715204 1.88716 -706.492 -4.3888 -0.451083 0 
2.95284e-154 708.417 0.283609 0.0218036 0.707285 1.88734 -705.123 -2.47453 -0.818946 0 
9.51221e-155 709.296 0.296933 0.0218987 0.698517 1.84206 -703.358 -4.58541 -1.35323 0 
1.77505e-154 709.435 0.299036 0.0224795 0.698449 1.87714 -703.123 -4.95378 -1.35785 0 
1.38309e-153 707.834 0.278617 0.0222926 0.713613 1.93872 -705.949 -1.36892 -0.516249 0 
2.73345e-153 707.858 0.279183 0.0225336 0.714755 1.87177 -705.865 -1.52385 -0.469031 0 
5.89344e-155 710.254 0.26568 0.0227939 0.728063 1.89491 -708.565 -1.60287 -0.0857095 0 
2.04138e-154 709.966 0.274968 0.0228054 0.719773 1.87047 -706.636 -3.04215 -0.28838 0 
1.96745e-154 709.229 0.276982 0.0226942 0.718117 1.83626 -706.274 -2.61209 -0.343159 0 
3.4623e-155 714.901 0.267144 0.0225723 0.72286 1.87355 -708.246 -6.45559 -0.198963 0 
8.6918e-155 713.871 0.293707 0.0226866 0.704936 1.71683 -703.798 -9.1241 -0.948957 0 
7.43526e-154 709.076 0.265432 0.0224978 0.727843 1.80613 -708.667 -0.319344 -0.0895454 0 
9.1463e-155 710.761 0.278183 0.0225875 0.717066 1.74133 -706.118 -4.26266 -0.380395 0 
8.9523e-155 709.418 0.303304 0.0221906 0.696747 1.68632 -702.806 -5.13433 -1.47725 0 
4.60108e-154 708.341 0.274911 0.0224323 0.720204 1.73598 -706.73 -1.33553 -0.274916 0 
5.00228e-155 715.711 0.256739 0.0227279 0.741181 1.74828 -710.87 -4.83319 -0.00878495 0 
2.85268e-155 711.705 0.26404 0.0226473 0.7341 1.69088 -709.102 -2.59001 -0.0132064 0 
2.98163e-155 711.616 0.255219 0.0222466 0.737932 1.73867 -711.289 -0.327282 -3.98333e-06 0 
1.02854e-153 711.199 0.259719 0.0224324 0.734596 1.70256 -710.147 -1.04226 -0.0100562 0 
9.69649e-154 708.545 0.28263 0.0221098 0.715048 1.64805 -705.449 -2.63849 -0.457282 0 
1.60458e-154 709.637 0.271104 0.0218268 0.72071 1.7075 -707.517 -1.85993 -0.259486 0 
3.46668e-154 708.096 0.282827 0.022093 0.714409 1.6028 -705.478 -2.13501 -0.483108 0 
3.4191e-155 711.343 0.286919 0.0224112 0.715418 1.54717 -704.931 -5.96872 -0.44267 0 
1.18749e-154 712.436 0.26599 0.0225487 0.732487 1.58113 -708.838 -3.57205 -0.0263783 0 
3.08588e-155 713.745 0.271684 0.021868 0.721251 1.60937 -707.531 -5.9707 -0.243526 0 
6.60643e-154 710.025 0.273219 0.0219043 0.722495 1.64851 -707.161 -2.6558 -0.208698 0 
1.43758e-154 709.857 0.291494 0.0213655 0.702805 1.61856 -704.174 -4.60776 -1.07527 0 
3.44599e-154 708.919 0.307784 0.0215488 0.690695 1.60779 -702.506 -4.47005 -1.94248 0 
5.29011e-154 708.637 0.300414 0.0214847 0.696026 1.63194 -703.127 -3.98035 -1.52935 0 
2.82551e-154 708.505 0.289356 0.0221155 0.709598 1.62662 -704.454 -3.35066 -0.700236 0 
7.22658e-155 709.846 0.278541 0.022597 0.719524 1.69574 -706.093 -3.45662 -0.296313 0 
3.96721e-154 709.659 0.265651 0.0225813 0.729606 1.74389 -708.671 -0.926354 -0.0611624 0 
3.90256e-155 714.97 0.298854 0.022377 0.699908 1.639 -703.281 -10.4298 -1.25956 0 
1.3108e-155 713.26 0.2746 0.0219216 0.715527 1.73702 -706.789 -6.03226 -0.438415 0 
6.70418e-155 711.382 0.276443 0.021695 0.714212 1.8333 -706.374 -4.51666 -0.491224 0 
3.15748e-155 712.888 0.271788 0.021555 0.716116 1.85337 -707.27 -5.20292 -0.415704 0 
1.09198e-153 707.634 0.282625 0.0218527 0.708967 1.78444 -705.327 -1.57556 -0.731709 0 
5.92243e-155 710.244 0.28846 0.0223026 0.705475 1.7765 -704.448 -4.87716 -0.918298 0 
4.90164e-154 708.79 0.275883 0.0226194 0.718978 1.81407 -706.488 -1.98786 -0.314101 0 
4.67936e-154 708.882 0.290265 0.0222281 0.706965 1.75883 -704.212 -3.83469 -0.83611 0 
2.56693e-154 710.53 0.303632 0.0221356 0.696763 1.70448 -702.764 -6.2897 -1.47614 0 
1.07325e-153 707.669 0.28178 0.0220112 0.709466 1.82087 -705.445 -1.51678 -0.706751 0 
9.08264e-154 708.002 0.286751 0.0217015 0.704456 1.79403 -704.681 -2.34418 -0.976718 0 
3.48518e-154 708.085 0.28477 0.0217236 0.705395 1.8469 -704.958 -2.20499 -0.922817 0 
9.81979e-154 706.825 0.289537 0.0220956 0.704986 1.8128 -704.279 -1.59931 -0.946131 0 
1.06147e-154 709.077 0.289441 0.0219131 0.701937 1.81211 -704.293 -3.65542 -1.12894 0 
3.50963e-154 712.23 0.262899 0.0225977 0.729194 1.81003 -709.257 -2.9057 -0.0673133 0 
1.38719e-154 708.542 0.277341 0.0223386 0.717416 1.71723 -706.291 -1.88292 -0.367793 0 
1.8797e-154 709.32 0.274115 0.0225761 0.720919 1.7582 -706.866 -2.20125 -0.253264 0 
5.28131e-155 710.473 0.287202 0.0223958 0.708416 1.72184 -704.667 -5.04664 -0.75971 0 
2.7837e-153 707.673 0.288931 0.0222893 0.707753 1.74226 -704.405 -2.47378 -0.794193 0 
4.6539e-154 708.318 0.298273 0.0222553 0.699033 1.75369 -703.253 -3.74647 -1.31808 0 
1.22527e-154 710.176 0.282552 0.0226585 0.71495 1.77578 -705.345 -4.37028 -0.461205 0 
6.60441e-154 708.193 0.288974 0.0222454 0.708022 1.74668 -704.396 -3.01692 -0.780096 0 
2.56115e-153 706.869 0.284126 0.0221081 0.710182 1.76526 -705.101 -1.09656 -0.67173 0 
8.48931e-155 711.721 0.285717 0.0219009 0.705099 1.7716 -704.851 -5.92988 -0.939666 0 
1.63021e-153 708.583 0.293806 0.0217972 0.700088 1.7086 -703.791 -3.54439 -1.24765 0 
1.38043e-154 708.551 0.301909 0.0221345 0.696423 1.70471 -702.92 -4.13073 -1.50058 0 
1.17482e-153 708.874 0.305016 0.0222057 0.693556 1.76254 -702.613 -4.54596 -1.71466 0 
1.00389e-154 709.188 0.290975 0.0222889 0.706679 1.75994 -704.116 -4.22039 -0.851556 0 
7.85335e-154 707.272 0.296861 0.0219212 0.697198 1.79062 -703.384 -2.44289 -1.44516 0 
1.34655e-153 707.215 0.300873 0.0219558 0.694504 1.79054 -702.968 -2.60423 -1.64228 0 
5.80661e-154 707.875 0.298268 0.0216359 0.694876 1.84382 -703.213 -3.04783 -1.61429 0 
2.20438e-154 709.002 0.287374 0.0220342 0.705099 1.96195 -704.548 -3.51423 -0.939654 0 
2.37278e-155 712.073 0.286183 0.0217648 0.700968 1.94602 -704.721 -6.1615 -1.19042 0 
1.97088e-155 715.663 0.294117 0.0218753 0.693918 1.97053 -703.66 -10.316 -1.68683 0 
5.77922e-154 707.885 0.293048 0.0219181 0.697005 1.95876 -703.79 -2.63601 -1.45888 0 
3.68562e-155 711.193 0.261687 0.022305 0.724811 2.04833 -709.493 -1.54845 -0.151005 0 
5.79971e-155 712.483 0.264039 0.0225929 0.724752 1.96914 -708.934 -3.39646 -0.152358 0 
9.4472e-156 713.915 0.258265 0.0230411 0.733593 1.95661 -710.352 -3.54579 -0.0168601 0 
4.0736e-155 710.992 0.268727 0.0225886 0.721215 1.94124 -707.883 -2.86449 -0.244563 0 
1.67909e-155 712.765 0.269048 0.0225912 0.725243 1.91454 -707.815 -4.80858 -0.141259 0 
2.7994e-154 710.721 0.272354 0.0228822 0.722545 1.87053 -707.147 -3.36611 -0.207341 0 
1.23973e-153 709.577 0.285286 0.0226461 0.711111 1.85042 -704.878 -4.07215 -0.627635 0 
