3.14345e-154 711.3 0.264705 0.022181 0.733056 1.532 -709.248 -2.03063 -0.0212195 0 
4.02339e-154 712.403 0.259111 0.0223503 0.742376 1.46817 -710.82 -1.567 -0.0166223 0 
4.5485e-155 714.355 0.253557 0.0223879 0.748277 1.49698 -712.264 -1.99951 -0.0916795 0 
3.30524e-156 718.213 0.253841 0.0223596 0.747013 1.46617 -712.282 -5.86067 -0.0705193 0 
7.02476e-154 710.713 0.264383 0.0223614 0.73537 1.521 -709.35 -1.35743 -0.00600442 0 
1.21424e-154 712.027 0.276685 0.0221463 0.724797 1.45141 -706.852 -5.02305 -0.151329 0 
3.16262e-154 712.885 0.274674 0.0219911 0.724669 1.46611 -707.214 -5.51682 -0.154265 0 
1.07399e-154 709.053 0.275536 0.0222658 0.722179 1.58195 -706.816 -2.02066 -0.217281 0 
3.24939e-154 710.423 0.288556 0.0221096 0.71002 1.58862 -704.621 -5.12213 -0.679586 0 
6.06833e-156 716.998 0.297196 0.0219472 0.704718 1.5071 -703.625 -12.4115 -0.96152 0 
1.31051e-155 715.458 0.289862 0.0217173 0.707831 1.51238 -704.549 -10.1183 -0.790092 0 
8.84093e-155 714.988 0.289989 0.0219222 0.708455 1.51725 -704.525 -9.7054 -0.757737 0 
4.29197e-156 716.879 0.292924 0.022111 0.707866 1.49441 -704.161 -11.9297 -0.788269 0 
1.66477e-154 710.374 0.280295 0.0221878 0.717681 1.60002 -705.911 -4.10517 -0.358378 0 
5.07786e-155 711.938 0.264129 0.0224549 0.733334 1.63089 -709.174 -2.7449 -0.0188966 0 
3.18507e-154 710.771 0.258806 0.0225481 0.734722 1.75111 -710.326 -0.435397 -0.00932516 0 
2.99283e-154 711.398 0.263939 0.0224232 0.728631 1.81006 -709.011 -2.31131 -0.0761935 0 
1.45694e-154 708.444 0.273095 0.022512 0.720774 1.77228 -707.055 -1.13086 -0.25757 0 
2.7654e-155 715.351 0.278206 0.0221507 0.716472 1.74522 -706.111 -8.83762 -0.402309 0 
3.04474e-153 708.031 0.271233 0.0224155 0.721728 1.79738 -707.411 -0.390208 -0.229838 0 
3.42153e-154 708.933 0.271574 0.0224888 0.720481 1.87737 -707.302 -1.36459 -0.266414 0 
2.62061e-154 707.269 0.284143 0.0221334 0.709476 1.75164 -705.108 -1.45531 -0.706273 0 
3.57607e-154 708.845 0.29165 0.0221451 0.704792 1.69846 -704.07 -3.81714 -0.957266 0 
1.37093e-154 708.565 0.283804 0.0224743 0.710227 1.82012 -705.119 -2.77678 -0.669546 0 
9.35483e-153 707.112 0.274955 0.0223737 0.717266 1.82721 -706.657 -0.0817613 -0.373184 0 
7.13548e-153 707.099 0.292317 0.0221863 0.701205 1.84235 -703.903 -2.02054 -1.17526 0 
4.76109e-154 708.272 0.297918 0.0221922 0.696721 1.87579 -703.24 -3.55297 -1.47914 0 
8.57108e-154 707.672 0.280508 0.0224354 0.712435 1.86734 -705.639 -1.46591 -0.56734 0 
1.37839e-154 709.941 0.290554 0.0218767 0.703618 1.7242 -704.196 -4.71808 -1.02615 0 
4.66311e-154 710.511 0.280934 0.021958 0.710096 1.79685 -705.597 -4.23858 -0.675896 0 
9.09581e-156 713.991 0.262366 0.0221579 0.728267 1.7726 -709.417 -4.4919 -0.0822253 0 
1.26292e-154 708.729 0.27725 0.0223503 0.718995 1.65067 -706.383 -2.03329 -0.313518 0 
8.87031e-154 708.723 0.270084 0.0222745 0.726655 1.60969 -707.867 -0.744051 -0.111718 0 
1.92943e-154 712.041 0.279291 0.0221226 0.715607 1.62926 -706.042 -5.56348 -0.435273 0 
1.26887e-154 713.325 0.285504 0.0219937 0.71248 1.52885 -705.171 -7.58841 -0.565347 0 
1.15898e-155 716.725 0.284234 0.0220937 0.714066 1.51846 -705.388 -10.8395 -0.497261 0 
9.95531e-155 713.097 0.275789 0.0223555 0.724214 1.55307 -706.825 -6.10738 -0.164981 0 
7.07723e-155 711.274 0.278512 0.0218925 0.717236 1.57793 -706.267 -4.63298 -0.37427 0 
2.41699e-157 721.247 0.272491 0.0220001 0.71878 1.68825 -707.252 -13.6738 -0.320671 0 
5.00592e-156 716.572 0.262807 0.0219952 0.728525 1.71611 -709.368 -7.12599 -0.077929 0 
2.01841e-153 708.603 0.274639 0.022239 0.718946 1.70599 -706.81 -1.47751 -0.315166 0 
2.13187e-153 709.741 0.279001 0.0219611 0.716617 1.60599 -706.125 -3.21921 -0.3969 0 
4.04042e-155 711.009 0.271063 0.0220666 0.721876 1.71943 -707.514 -3.26863 -0.225684 0 
2.06236e-154 709.135 0.278467 0.0221639 0.715738 1.73411 -706.073 -2.63164 -0.430213 0 
1.39103e-154 708.536 0.28299 0.0220132 0.711823 1.66977 -705.364 -2.57688 -0.594825 0 
4.01633e-156 715.626 0.274569 0.0221191 0.720281 1.71023 -706.819 -8.53383 -0.272528 0 
1.26541e-154 712.309 0.260632 0.0226391 0.732492 1.82479 -709.802 -2.48085 -0.0263391 0 
5.29266e-154 711.28 0.266114 0.0223726 0.724214 1.83417 -708.496 -2.61826 -0.164973 0 
7.59955e-154 707.913 0.285387 0.0220442 0.707683 1.76086 -704.909 -2.20588 -0.797838 0 
5.90157e-155 711.637 0.2826 0.0221506 0.709649 1.75998 -705.348 -5.59141 -0.697703 0 
1.46608e-154 709.817 0.284704 0.0222109 0.71149 1.699 -705.061 -4.14636 -0.610039 0 
9.6809e-155 709.261 0.281794 0.0221873 0.713186 1.66702 -705.564 -3.16222 -0.534478 0 
5.29687e-154 708.059 0.288606 0.0221684 0.706643 1.71198 -704.473 -2.73302 -0.853501 0 
3.17423e-153 708.945 0.270448 0.0225212 0.719493 1.93369 -707.519 -1.12873 -0.29731 0 
1.70144e-154 710.33 0.278257 0.02249 0.711263 1.98324 -706.013 -3.69703 -0.62053 0 
1.11564e-153 707.956 0.276353 0.0225389 0.714076 1.96371 -706.358 -1.10049 -0.496834 0 
2.75037e-152 706.676 0.292198 0.0222479 0.700549 1.91092 -703.895 -1.56315 -1.21752 0 
2.96441e-153 707.696 0.293956 0.0222363 0.700213 1.86677 -703.692 -2.76393 -1.23945 0 
4.39707e-154 709.007 0.291822 0.0221993 0.702258 1.86267 -703.959 -3.93924 -1.10894 0 
3.05592e-153 707.773 0.286255 0.0220598 0.704523 1.91292 -704.71 -2.08969 -0.972854 0 
3.27334e-155 711.43 0.276478 0.0220451 0.712106 1.94503 -706.335 -4.51248 -0.582033 0 
3.14878e-154 709.675 0.271284 0.0225349 0.717923 1.97581 -707.346 -1.97867 -0.349897 0 
2.16189e-154 707.654 0.288995 0.0221836 0.704164 1.86702 -704.334 -2.32687 -0.99383 0 
1.10169e-153 709.003 0.295363 0.0221714 0.700623 1.76361 -703.571 -4.21928 -1.21273 0 
4.21907e-154 710.209 0.301445 0.021966 0.695246 1.72894 -702.949 -5.67292 -1.58669 0 
2.01106e-154 710.571 0.297936 0.0221078 0.697505 1.74786 -703.293 -5.85523 -1.42344 0 
9.71183e-155 710.641 0.269822 0.0223176 0.720394 1.92268 -707.651 -2.72137 -0.269066 0 
1.68141e-153 707.444 0.284224 0.0222036 0.70748 1.848 -705.042 -1.59327 -0.808578 0 
2.29878e-154 708.918 0.290142 0.0221991 0.702173 1.8535 -704.182 -3.62144 -1.11421 0 
6.54435e-154 707.636 0.276859 0.0223985 0.713946 1.89504 -706.272 -0.862223 -0.502272 0 
2.67356e-153 708.169 0.288212 0.0224061 0.705925 1.8405 -704.452 -2.82382 -0.893084 0 
3.37757e-154 709.981 0.291623 0.0218849 0.701708 1.74824 -704.039 -4.79814 -1.14333 0 
1.86194e-154 709.339 0.294817 0.0219598 0.699564 1.7426 -703.647 -4.40948 -1.28237 0 
6.73674e-155 709.986 0.279089 0.0222331 0.711055 1.87421 -705.88 -3.4755 -0.630244 0 
2.92309e-153 707.862 0.276731 0.0224472 0.717241 1.7718 -706.358 -1.12958 -0.37407 0 
6.31787e-154 710.479 0.280868 0.022553 0.714548 1.76031 -705.635 -4.36672 -0.477413 0 
3.26389e-153 707.77 0.27271 0.0224941 0.719025 1.88178 -707.071 -0.386466 -0.312546 0 
2.58152e-154 709.497 0.267519 0.0226628 0.722554 1.98273 -708.145 -1.14467 -0.207106 0 
8.60092e-156 716.3 0.266103 0.0227878 0.725509 1.99675 -708.46 -7.70473 -0.135436 0 
2.16597e-154 709.037 0.268001 0.0225285 0.720736 2.03209 -708.039 -0.739102 -0.258718 0 
2.281e-153 708.831 0.272898 0.0225802 0.716657 1.99551 -707.021 -1.41465 -0.395403 0 
7.86076e-154 709.231 0.267192 0.0225576 0.722076 1.97884 -708.217 -0.79402 -0.220107 0 
1.95617e-153 708.219 0.2752 0.0223777 0.713478 2.00048 -706.574 -1.12273 -0.521974 0 
3.45842e-154 708.912 0.282606 0.0222602 0.706822 1.96451 -705.275 -2.79266 -0.843823 0 
8.35209e-153 707.081 0.275292 0.0224067 0.716169 1.88468 -706.568 -0.0989139 -0.413704 0 
8.09134e-153 706.847 0.278957 0.0223749 0.713316 1.84481 -705.916 -0.402518 -0.528891 0 
1.93846e-153 707.426 0.273359 0.0224379 0.716331 1.97444 -706.93 -0.0888618 -0.40758 0 
2.20519e-153 707.168 0.295437 0.0221809 0.697797 1.92528 -703.505 -2.26067 -1.40303 0 
6.8401e-154 707.548 0.288079 0.0222125 0.702923 2.0105 -704.448 -2.03158 -1.06806 0 
9.51636e-155 710.682 0.306813 0.0220677 0.689308 1.88223 -702.429 -6.19487 -2.0581 0 
6.10115e-155 711.571 0.296334 0.0218982 0.697061 1.86435 -703.417 -6.69897 -1.45488 0 
1.6361e-154 708.212 0.282017 0.0221865 0.707428 1.94921 -705.371 -2.02941 -0.811327 0 
1.51416e-154 711.585 0.292032 0.0222258 0.698888 1.94502 -703.917 -6.34065 -1.32788 0 
4.8002e-153 706.25 0.283219 0.022306 0.707448 1.97236 -705.177 -0.26206 -0.810239 0 
5.26434e-154 707.261 0.283433 0.0223971 0.706478 2.0116 -705.144 -1.25436 -0.862553 0 
1.15074e-153 710.302 0.279397 0.0224111 0.709804 1.98456 -705.813 -3.79889 -0.690094 0 
1.48321e-154 709.794 0.280414 0.0224 0.711989 1.91921 -705.638 -3.56868 -0.587282 0 
1.75673e-153 708.434 0.288474 0.0224339 0.705591 1.86359 -704.407 -3.11494 -0.911748 0 
1.03005e-153 709.662 0.274577 0.0227145 0.716263 2.0071 -706.693 -2.55858 -0.410167 0 
2.46029e-155 712.001 0.285592 0.0226643 0.708088 1.94866 -704.81 -6.41447 -0.776678 0 
7.09064e-154 708.498 0.292547 0.0223338 0.699493 1.95299 -703.852 -3.35831 -1.28713 0 
2.33105e-154 708.89 0.27035 0.0223168 0.718945 1.93771 -707.54 -1.03503 -0.315193 0 
1.0169e-153 709.836 0.289845 0.0219019 0.701629 1.83825 -704.228 -4.45966 -1.14833 0 
1.71966e-154 710.309 0.281056 0.0220228 0.708803 1.86595 -705.547 -4.02236 -0.739963 0 
3.79047e-155 711.136 0.275254 0.0221773 0.712609 1.97083 -706.564 -4.01275 -0.559619 0 
1.92542e-153 708.251 0.299895 0.0222165 0.694194 1.91109 -703.027 -3.55817 -1.66574 0 
4.95812e-154 710.153 0.299096 0.0223212 0.696113 1.91135 -703.107 -5.52282 -1.52303 0 
6.04004e-154 709.491 0.281873 0.0226841 0.709198 2.05571 -705.396 -3.37541 -0.720084 0 
8.72026e-154 708.448 0.285899 0.0226341 0.70433 2.19052 -704.768 -2.69598 -0.984089 0 
1.79178e-154 709.416 0.275145 0.0226495 0.710761 2.34762 -706.587 -2.18512 -0.644058 0 
6.24194e-153 707.111 0.289277 0.022492 0.700768 2.21938 -704.287 -1.62037 -1.20329 0 
2.61943e-154 707.27 0.284701 0.0225568 0.704532 2.2347 -704.95 -1.34755 -0.972296 0 
6.2805e-154 707.719 0.294756 0.0223014 0.696538 2.14618 -703.59 -2.6363 -1.4923 0 
1.7017e-154 708.133 0.30683 0.0221314 0.68665 2.06298 -702.426 -3.41796 -2.28893 0 
5.52915e-154 708.995 0.305699 0.021962 0.687705 2.0063 -702.511 -4.28778 -2.19579 0 
4.77275e-153 707.554 0.288622 0.0221969 0.700346 2.17269 -704.376 -1.94758 -1.23076 0 
4.47543e-154 708.396 0.285284 0.0222048 0.702432 2.23074 -704.862 -2.43653 -1.09817 0 
9.34391e-153 707.343 0.301739 0.0220318 0.689467 2.12125 -702.857 -2.44194 -2.04469 0 
2.35682e-153 706.768 0.298843 0.0223683 0.692138 2.22383 -703.143 -1.79902 -1.82577 0 
8.85933e-154 708.052 0.303126 0.0222794 0.687881 2.23865 -702.736 -3.13589 -2.18051 0 
4.73584e-153 706.611 0.28365 0.0224791 0.703693 2.36376 -705.114 -0.474833 -1.02166 0 
2.05621e-155 712.36 0.291049 0.0220936 0.6973 2.29097 -704.052 -6.8701 -1.43793 0 
3.28502e-153 706.817 0.28443 0.0224154 0.701414 2.44047 -704.993 -0.662903 -1.16194 0 
4.10766e-153 707.432 0.281958 0.02256 0.703712 2.49143 -705.385 -1.02582 -1.02054 0 
3.03453e-153 708.362 0.290363 0.022475 0.696306 2.48303 -704.142 -2.71156 -1.50903 0 
1.74967e-153 708.442 0.314031 0.0220327 0.678307 2.35735 -701.977 -3.37213 -3.09314 0 
5.8132e-153 706.737 0.304167 0.0223003 0.686425 2.46076 -702.647 -1.78131 -2.30902 0 
1.69683e-153 708.812 0.27929 0.0224016 0.704942 2.60043 -705.835 -2.02809 -0.948643 0 
2.27027e-154 710.329 0.301356 0.0223335 0.686336 2.59582 -702.898 -5.11442 -2.31697 0 
4.51783e-154 709.399 0.293902 0.0220438 0.692297 2.51312 -703.695 -3.89113 -1.81317 0 
7.30338e-154 708.803 0.283776 0.0223527 0.702092 2.51989 -705.094 -2.5894 -1.11926 0 
1.21314e-153 706.977 0.307871 0.0221443 0.68285 2.39527 -702.357 -1.97971 -2.6402 0 
1.25499e-153 708.296 0.29497 0.0222101 0.692818 2.51845 -703.569 -2.95509 -1.77204 0 
1.70684e-154 709.513 0.299616 0.0223218 0.687557 2.60804 -703.066 -4.23805 -2.20877 0 
2.13782e-154 707.677 0.302265 0.0223753 0.687811 2.5735 -702.814 -2.67645 -2.18655 0 
3.55181e-154 706.661 0.296399 0.022519 0.691642 2.63084 -703.406 -1.38973 -1.86551 0 
5.45436e-154 708.001 0.301818 0.0222893 0.687637 2.61116 -702.855 -2.94423 -2.20179 0 
2.12384e-153 707.88 0.307759 0.0222432 0.683145 2.57269 -702.365 -2.90292 -2.61207 0 
4.15052e-154 709.569 0.314013 0.0221692 0.676565 2.65732 -701.978 -4.31473 -3.27622 0 
2.18437e-153 707.423 0.282556 0.022637 0.702342 2.79346 -705.288 -1.03079 -1.10373 0 
1.76787e-154 710.254 0.281321 0.0223979 0.701226 2.79403 -705.49 -3.58969 -1.17393 0 
9.62751e-154 709.061 0.28657 0.022762 0.699395 2.79752 -704.671 -3.09681 -1.29372 0 
1.2762e-153 706.876 0.285167 0.0225981 0.700187 2.7843 -704.88 -0.754731 -1.24119 0 
2.26196e-153 707.353 0.28608 0.0223973 0.698139 2.72563 -704.743 -1.23069 -1.37928 0 
3.11023e-154 710.51 0.291901 0.0224004 0.693121 2.6934 -703.942 -4.82006 -1.74837 0 
5.07593e-154 710.342 0.300289 0.0226613 0.689219 2.67107 -703 -5.27614 -2.06562 0 
1.14661e-154 711.695 0.290792 0.0226007 0.694806 2.72681 -704.085 -5.99053 -1.61951 0 
2.9196e-154 709.826 0.29242 0.0224138 0.695238 2.66713 -703.877 -4.36209 -1.5873 0 
4.81903e-154 708.248 0.313578 0.0221515 0.677533 2.57279 -702 -3.07398 -3.17384 0 
1.17708e-153 707.484 0.304511 0.0222585 0.683792 2.65759 -702.618 -2.315 -2.5508 0 
9.09791e-154 706.166 0.295065 0.022404 0.692367 2.69967 -703.558 -0.801237 -1.8076 0 
4.71637e-153 706.619 0.291977 0.0224032 0.694949 2.66797 -703.932 -1.07772 -1.60886 0 
5.20783e-154 707.282 0.289813 0.0222707 0.695439 2.7101 -704.215 -1.49463 -1.5724 0 
9.62556e-154 706.865 0.305483 0.0223559 0.684966 2.56838 -702.539 -1.88439 -2.44148 0 
1.94277e-153 707.657 0.292406 0.0224259 0.693261 2.69785 -703.878 -2.04163 -1.73748 0 
1.09438e-152 705.797 0.290628 0.0223987 0.695186 2.72014 -704.107 -0.0990791 -1.59119 0 
4.98651e-153 706.656 0.293309 0.0224871 0.694206 2.69194 -703.766 -1.22437 -1.66482 0 
1.8015e-153 706.186 0.305641 0.02218 0.683651 2.6047 -702.526 -1.09626 -2.56408 0 
2.43827e-153 706.027 0.300052 0.0222463 0.687515 2.6179 -703.023 -0.791842 -2.21242 0 
3.57559e-153 706.202 0.298258 0.0223887 0.690363 2.61047 -703.205 -1.02635 -1.9699 0 
6.59059e-154 708.198 0.309657 0.0221746 0.679964 2.61121 -702.234 -3.03968 -2.92376 0 
4.13099e-153 705.913 0.303684 0.0223022 0.685591 2.61793 -702.688 -0.840566 -2.38427 0 
1.18124e-154 711.06 0.294563 0.0225236 0.694259 2.66885 -703.616 -5.78326 -1.66085 0 
1.10706e-154 708.993 0.2803 0.0227554 0.704892 2.79485 -705.662 -2.37956 -0.951539 0 
1.84487e-153 707.258 0.293191 0.0223946 0.692171 2.78025 -703.781 -1.65396 -1.8232 0 
8.32699e-155 713.146 0.303832 0.0218254 0.682505 2.60482 -702.675 -7.79723 -2.67339 0 
1.83154e-154 710.758 0.289295 0.0221881 0.694357 2.6892 -704.285 -4.81965 -1.65339 0 
6.28754e-155 711.511 0.30357 0.0219403 0.684874 2.5497 -702.698 -6.36269 -2.44995 0 
9.54055e-156 715.282 0.311765 0.0216965 0.677508 2.53855 -702.102 -10.003 -3.17651 0 
6.37639e-155 712.869 0.301429 0.0219376 0.685604 2.70934 -702.891 -7.59486 -2.38314 0 
1.79938e-153 708.021 0.297014 0.0224514 0.691297 2.74607 -703.338 -2.78955 -1.8934 0 
2.59952e-153 708.461 0.281208 0.0224369 0.701825 2.8282 -705.509 -1.81619 -1.13595 0 
7.1086e-154 707.471 0.291303 0.0224644 0.693912 2.78646 -704.019 -1.76493 -1.68725 0 
4.05955e-154 707.78 0.291989 0.0224851 0.695114 2.75842 -703.931 -2.25309 -1.59653 0 
1.65325e-153 709.474 0.275633 0.0227003 0.707958 2.84803 -706.495 -2.19611 -0.783442 0 
2.85758e-153 708.158 0.287937 0.022719 0.698578 2.80982 -704.474 -2.33436 -1.34902 0 
1.59863e-154 708.258 0.290649 0.022302 0.693516 2.7976 -704.104 -2.43636 -1.71773 0 
2.8218e-154 709.894 0.320717 0.0221534 0.672923 2.60583 -701.703 -4.51465 -3.6762 0 
2.49545e-155 714.17 0.328315 0.0217358 0.665802 2.54618 -701.564 -8.08131 -4.52477 0 
5.6927e-155 716.212 0.304836 0.0218009 0.680506 2.75098 -702.591 -10.7513 -2.86945 0 
2.44566e-155 714.785 0.311259 0.0218504 0.678652 2.65542 -702.133 -9.59541 -3.05742 0 
1.30423e-154 708.665 0.293245 0.0221245 0.691395 2.80235 -703.774 -3.0053 -1.88545 0 
7.33588e-155 714.21 0.298959 0.0221266 0.685662 2.80802 -703.133 -8.69969 -2.37781 0 
4.23448e-155 710.915 0.306312 0.0221395 0.683181 2.76373 -702.474 -5.83275 -2.60857 0 
1.83647e-153 709.557 0.29162 0.0221274 0.692028 2.87086 -703.978 -3.74512 -1.83456 0 
3.18016e-153 707.944 0.292145 0.0222977 0.691854 2.92873 -703.911 -2.18412 -1.84848 0 
2.2068e-154 708.999 0.278806 0.0226986 0.704432 2.95185 -705.919 -2.10198 -0.978163 0 
4.65108e-154 709.341 0.294942 0.0222188 0.691161 2.85801 -703.572 -3.86475 -1.90438 0 
1.21252e-154 712.394 0.307194 0.0221564 0.682789 2.77099 -702.407 -7.34152 -2.64603 0 
3.89273e-154 710.062 0.319911 0.0222067 0.673649 2.68735 -701.729 -4.73821 -3.5947 0 
4.21638e-154 706.318 0.29234 0.022369 0.693547 2.82757 -703.887 -0.716418 -1.71532 0 
2.64316e-153 707.925 0.314677 0.0220401 0.676314 2.63682 -701.944 -2.67808 -3.30307 0 
6.59751e-153 707.62 0.312555 0.0221147 0.678152 2.58138 -702.057 -2.45429 -3.10916 0 
1.83195e-153 707.985 0.314361 0.0220543 0.677202 2.52852 -701.96 -2.81686 -3.20871 0 
2.74151e-154 711.574 0.324689 0.0219887 0.669905 2.4665 -701.608 -5.94067 -4.02515 0 
6.95939e-154 709.208 0.3104 0.0220375 0.68136 2.3929 -702.186 -4.2371 -2.78483 0 
1.20774e-154 712.402 0.323803 0.0218836 0.67077 2.3201 -701.625 -6.85396 -3.92345 0 
5.36926e-153 707.221 0.30474 0.0221425 0.684523 2.4364 -702.599 -2.13969 -2.48244 0 
7.59992e-154 708.723 0.308001 0.0220113 0.681169 2.47582 -702.348 -3.57187 -2.80361 0 
1.16915e-153 707.862 0.308725 0.0221273 0.68311 2.35236 -702.297 -2.9496 -2.61536 0 
3.08944e-153 708.116 0.294785 0.0220859 0.691605 2.53154 -703.59 -2.65722 -1.86847 0 
3.18769e-154 709.075 0.291363 0.0221792 0.693831 2.5248 -704.011 -3.37045 -1.69351 0 
4.9173e-153 707.843 0.29264 0.0221334 0.693033 2.54721 -703.849 -2.23904 -1.75525 0 
6.0761e-153 707.717 0.286182 0.0223035 0.698605 2.66447 -704.728 -1.64167 -1.34721 0 
1.72855e-153 705.694 0.295143 0.022301 0.691954 2.61777 -703.548 -0.304755 -1.84047 0 
5.1836e-154 707.292 0.288801 0.0224261 0.696056 2.71705 -704.353 -1.411 -1.52717 0 
2.11487e-153 707.698 0.298884 0.022548 0.689961 2.62059 -703.141 -2.5544 -2.00329 0 
6.15449e-154 707.759 0.280221 0.0225602 0.704506 2.68602 -705.675 -1.11019 -0.9738 0 
9.32283e-153 706.994 0.288319 0.0223593 0.69766 2.62863 -704.42 -1.1611 -1.41259 0 
3.79816e-152 706.004 0.302505 0.0222219 0.686719 2.52058 -702.792 -0.929814 -2.28278 0 
1.58283e-154 709.664 0.282951 0.0222421 0.700921 2.62115 -705.225 -3.24569 -1.19343 0 
5.82864e-153 706.482 0.307305 0.0222087 0.682925 2.51449 -702.399 -1.44994 -2.63307 0 
1.60822e-153 706.413 0.29219 0.0225528 0.695445 2.5898 -703.905 -0.935979 -1.57199 0 
3.60228e-153 706.633 0.306074 0.0221078 0.683621 2.47788 -702.492 -1.57416 -2.56691 0 
2.2124e-152 706.448 0.302622 0.0224099 0.686915 2.61601 -702.781 -1.40167 -2.26538 0 
3.99061e-154 706.428 0.296231 0.0225308 0.691754 2.69542 -703.425 -1.14705 -1.85649 0 
2.03531e-154 707.775 0.294194 0.0221766 0.691231 2.63643 -703.66 -2.2164 -1.89874 0 
4.7875e-153 706.589 0.289004 0.0224537 0.697302 2.68292 -704.325 -0.825853 -1.4378 0 
1.18848e-153 707.829 0.28294 0.0223813 0.701468 2.66914 -705.227 -1.44407 -1.1585 0 
7.60769e-154 706.524 0.293392 0.0225523 0.694227 2.62321 -703.756 -1.10452 -1.66329 0 
5.93626e-153 706.695 0.306395 0.0222724 0.68358 2.53638 -702.467 -1.65736 -2.5708 0 
8.46957e-154 711.012 0.29794 0.0221124 0.687778 2.5946 -703.239 -5.58394 -2.18949 0 
5.34781e-155 713.221 0.314719 0.0221028 0.678508 2.50089 -701.942 -8.20638 -3.07227 0 
3.40736e-155 715.744 0.329397 0.0219445 0.665911 2.47877 -701.558 -9.67463 -4.51112 0 
1.81648e-155 715.38 0.318375 0.0221093 0.675865 2.55204 -701.783 -10.2461 -3.35133 0 
2.36832e-155 715.661 0.329731 0.0220408 0.666586 2.44143 -701.557 -9.67623 -4.42704 0 
5.19685e-156 719.505 0.339719 0.0219106 0.659907 2.41924 -701.684 -12.527 -5.29384 0 
1.20693e-156 718.03 0.331558 0.0221988 0.666536 2.44951 -701.558 -12.039 -4.43331 0 
1.41738e-153 706.091 0.297332 0.022453 0.691123 2.62324 -703.304 -0.879248 -1.90749 0 
2.06487e-153 707.746 0.294886 0.0224519 0.691649 2.67607 -703.578 -2.30283 -1.86496 0 
1.9256e-153 706.864 0.296671 0.0221629 0.689821 2.67074 -703.376 -1.47321 -2.01492 0 
4.87904e-155 714.215 0.30316 0.0227236 0.687597 2.61272 -702.734 -9.27613 -2.20528 0 
1.00032e-155 713.801 0.306234 0.0224552 0.686081 2.5468 -702.48 -8.98123 -2.33991 0 
6.12942e-153 706.746 0.300195 0.0221058 0.687588 2.50246 -703.009 -1.53053 -2.20604 0 
1.24739e-153 709.815 0.319158 0.0219593 0.673902 2.47274 -701.754 -4.49465 -3.5665 0 
8.67119e-155 710.868 0.308076 0.0219025 0.680361 2.49013 -702.343 -5.64115 -2.88393 0 
2.14736e-152 707.066 0.297403 0.0223275 0.690148 2.51947 -703.296 -1.7817 -1.98768 0 
1.25763e-153 709.262 0.290221 0.0222185 0.694689 2.54763 -704.161 -3.47349 -1.62836 0 
1.92698e-154 711.776 0.28668 0.0226414 0.699026 2.5864 -704.655 -5.8028 -1.31855 0 
1.64937e-154 709.582 0.282171 0.0226182 0.702696 2.59751 -705.351 -3.1491 -1.08192 0 
2.9614e-154 710.244 0.292973 0.022431 0.696328 2.44844 -703.808 -4.92853 -1.50745 0 
1.08041e-154 712.933 0.297112 0.0226972 0.694801 2.33846 -703.328 -7.98564 -1.61996 0 
1.12392e-154 710.349 0.270361 0.0226328 0.71498 2.42161 -707.537 -2.35167 -0.460011 0 
3.46913e-154 708.095 0.289124 0.0221296 0.697148 2.35237 -704.309 -2.33709 -1.44872 0 
9.36416e-154 710.268 0.304499 0.0224317 0.688586 2.26302 -702.619 -5.52898 -2.11959 0 
4.51113e-155 710.788 0.310867 0.0220938 0.68298 2.20726 -702.154 -6.0061 -2.62779 0 
3.26481e-153 708.114 0.302672 0.0223627 0.689641 2.23555 -702.776 -3.3075 -2.03001 0 
5.45895e-154 707.999 0.298795 0.0221758 0.692074 2.21904 -703.148 -3.01983 -1.83088 0 
2.72783e-154 711.794 0.314165 0.0222994 0.680654 2.20483 -701.967 -6.97228 -2.85465 0 
2.09579e-154 713.132 0.313316 0.0221767 0.682284 2.14921 -702.01 -8.42806 -2.6947 0 
6.64927e-155 711.399 0.311709 0.0222528 0.681176 2.25509 -702.106 -6.4902 -2.8029 0 
2.34915e-152 705.656 0.293429 0.0223664 0.695414 2.34808 -703.752 -0.329294 -1.57428 0 
9.99215e-155 713.09 0.275047 0.0227488 0.709524 2.50898 -706.606 -5.78019 -0.703889 0 
5.51788e-154 710.576 0.269912 0.0226819 0.714349 2.54171 -707.631 -2.45944 -0.485569 0 
8.55408e-155 710.895 0.275881 0.0223484 0.708024 2.52016 -706.449 -3.66633 -0.779987 0 
1.91925e-152 706.25 0.289802 0.0223926 0.697138 2.42904 -704.217 -0.584287 -1.4494 0 
8.39001e-153 706.003 0.290908 0.0222594 0.696535 2.37026 -704.07 -0.440936 -1.49246 0 
5.20285e-153 706.709 0.306029 0.022128 0.684564 2.376 -702.496 -1.73452 -2.47869 0 
3.44299e-153 706.277 0.293849 0.0224156 0.695132 2.40834 -703.701 -0.980972 -1.59518 0 
2.91149e-153 705.673 0.295766 0.0223301 0.692553 2.41731 -703.477 -0.40252 -1.79293 0 
8.08773e-154 707.213 0.281206 0.0224444 0.703881 2.52484 -705.509 -0.692773 -1.01052 0 
1.00814e-155 715.171 0.307809 0.0223122 0.682893 2.34732 -702.362 -10.1736 -2.63609 0 
3.14964e-153 707.266 0.295429 0.0222797 0.69409 2.33544 -703.516 -2.07697 -1.67369 0 
5.15009e-154 707.304 0.304983 0.0222355 0.686 2.29392 -702.579 -2.37816 -2.34722 0 
1.37882e-153 708.343 0.294222 0.0223419 0.693132 2.41183 -703.656 -2.93904 -1.74753 0 
4.5133e-154 708.955 0.303184 0.0220719 0.68706 2.36464 -702.731 -3.97076 -2.2525 0 
8.54634e-153 705.966 0.290298 0.0224278 0.697608 2.43548 -704.15 -0.39984 -1.41623 0 
1.14481e-153 706.518 0.300435 0.02229 0.688657 2.41223 -702.986 -1.41865 -2.1135 0 
8.3963e-153 706.773 0.28465 0.0223697 0.700761 2.52726 -704.959 -0.610609 -1.2038 0 
8.78839e-153 707.176 0.280925 0.0225734 0.704822 2.54006 -705.556 -0.663807 -0.955528 0 
8.18499e-154 706.378 0.295113 0.0221979 0.693366 2.35639 -703.552 -1.09665 -1.7293 0 
1.9035e-153 707.698 0.309408 0.0221929 0.682432 2.33126 -702.251 -2.76713 -2.68035 0 
1.04194e-153 706.706 0.30146 0.0223968 0.688829 2.41661 -702.888 -1.71945 -2.09881 0 
5.83243e-154 707.056 0.297584 0.0223537 0.692352 2.38715 -703.277 -1.96999 -1.80882 0 
1.24172e-153 707.377 0.297697 0.0225248 0.692108 2.46619 -703.265 -2.28405 -1.82817 0 
1.31419e-153 706.242 0.291587 0.022271 0.695788 2.4372 -703.982 -0.712975 -1.54673 0 
1.34294e-153 708.16 0.283812 0.0222555 0.701241 2.4465 -705.089 -1.89859 -1.17292 0 
2.07561e-153 707.926 0.292528 0.0221035 0.694397 2.32646 -703.863 -2.41296 -1.65037 0 
5.67719e-154 707.11 0.299776 0.0222336 0.690487 2.33509 -703.05 -2.09953 -1.95963 0 
4.18069e-154 708.532 0.283965 0.0223223 0.700833 2.46905 -705.065 -2.26859 -1.19913 0 
1.00729e-152 706.774 0.302347 0.0221399 0.68725 2.32115 -702.806 -1.73188 -2.23571 0 
1.58012e-154 708.281 0.298418 0.0221953 0.691533 2.3343 -703.189 -3.21824 -1.87429 0 
1.12998e-153 707.566 0.280802 0.0224388 0.70437 2.45034 -705.577 -1.00681 -0.981734 0 
1.32627e-155 716.456 0.290305 0.0222596 0.698892 2.34416 -704.149 -10.9784 -1.32763 0 
6.933e-155 715.474 0.302345 0.0226974 0.69077 2.35778 -702.806 -10.7312 -1.93635 0 
5.99581e-155 715.015 0.303865 0.0226231 0.687373 2.41592 -702.673 -10.1177 -2.22487 0 
2.55906e-155 716.527 0.301189 0.0224727 0.691234 2.38916 -702.913 -11.7154 -1.89847 0 
2.01387e-155 714.598 0.306748 0.0223778 0.684003 2.35988 -702.44 -9.62733 -2.53097 0 
2.09542e-153 708.39 0.305032 0.02237 0.68658 2.30903 -702.575 -3.51941 -2.29512 0 
1.82825e-154 711.208 0.313595 0.0223047 0.68115 2.25372 -702 -6.40325 -2.80553 0 
1.94039e-153 709.857 0.300127 0.0224386 0.689937 2.324 -703.016 -4.83589 -2.00524 0 
9.42237e-154 709.506 0.310151 0.0223305 0.683057 2.29035 -702.202 -4.68349 -2.62043 0 
9.41766e-154 709.105 0.306204 0.0222905 0.684279 2.38992 -702.482 -4.11845 -2.50516 0 
3.568e-154 709.425 0.288617 0.0223451 0.696883 2.47508 -704.379 -3.57844 -1.46754 0 
2.23964e-153 707.584 0.292715 0.0223147 0.695387 2.46789 -703.84 -2.16758 -1.57626 0 
5.75787e-154 708.914 0.293835 0.0224741 0.695859 2.41907 -703.703 -3.66964 -1.54155 0 
9.33718e-154 708.312 0.293138 0.0224155 0.694183 2.43654 -703.787 -2.85771 -1.66658 0 
2.71524e-153 706.485 0.299054 0.022369 0.690469 2.37747 -703.123 -1.4008 -1.96112 0 
1.65808e-154 710.382 0.296824 0.022645 0.694222 2.37553 -703.359 -5.35928 -1.66364 0 
1.33278e-155 713.227 0.304531 0.0226175 0.687537 2.38737 -702.616 -8.39995 -2.21054 0 
4.50028e-154 710.582 0.300374 0.0226408 0.69052 2.48153 -702.992 -5.63384 -1.95692 0 
1.41915e-153 709.672 0.309668 0.0222911 0.683098 2.41231 -702.233 -4.82175 -2.61654 0 
6.07951e-154 708.359 0.306704 0.0222684 0.684759 2.46217 -702.444 -3.45483 -2.46058 0 
2.78451e-153 707.148 0.30898 0.0221251 0.682166 2.42431 -702.28 -2.16243 -2.70609 0 
4.36015e-154 707.637 0.303666 0.0222344 0.684758 2.56463 -702.69 -2.4872 -2.46072 0 
1.03774e-154 710.508 0.291903 0.0222791 0.695253 2.61192 -703.942 -4.98043 -1.5862 0 
9.66965e-154 709.053 0.287221 0.0222743 0.696728 2.66131 -704.576 -2.99776 -1.4786 0 
6.92858e-154 709.484 0.290379 0.0221427 0.694915 2.63683 -704.14 -3.73279 -1.61141 0 
5.88645e-154 708.87 0.293939 0.0221208 0.690708 2.72679 -703.69 -3.23813 -1.94145 0 
1.32121e-152 705.42 0.297202 0.0223352 0.689806 2.72868 -703.318 -0.0861484 -2.0162 0 
9.82925e-154 708.784 0.293119 0.0222915 0.691836 2.71047 -703.79 -3.14475 -1.84993 0 
3.26301e-154 709.603 0.309907 0.022433 0.682163 2.60565 -702.218 -4.6794 -2.70643 0 
2.22853e-154 707.594 0.313152 0.0221601 0.678417 2.58494 -702.023 -2.48838 -3.08169 0 
8.56668e-154 709.295 0.301541 0.0221472 0.685017 2.67733 -702.88 -3.97787 -2.43679 0 
2.29015e-152 706.583 0.308411 0.0221366 0.681363 2.60498 -702.319 -1.47945 -2.78451 0 
1.30438e-154 708.665 0.305855 0.0219595 0.682272 2.6073 -702.509 -3.4598 -2.6958 0 
1.3508e-153 709.12 0.31431 0.0220938 0.676842 2.52375 -701.962 -3.91031 -3.24677 0 
1.11568e-153 709.65 0.316436 0.0221191 0.67547 2.53159 -701.862 -4.39435 -3.39406 0 
4.218e-154 710.209 0.313937 0.0219866 0.676199 2.56068 -701.982 -4.91228 -3.31542 0 
2.26072e-153 709.316 0.283644 0.0223229 0.699461 2.74533 -705.115 -2.91146 -1.2893 0 
1.28647e-153 710.269 0.27912 0.0223406 0.704147 2.69861 -705.865 -3.40998 -0.994789 0 
9.67976e-153 707.326 0.301288 0.0223763 0.688525 2.56669 -702.904 -2.2973 -2.12479 0 
4.08103e-153 705.937 0.289763 0.0224688 0.697161 2.58014 -704.222 -0.267479 -1.44776 0 
1.07118e-152 705.629 0.292438 0.0223311 0.694803 2.502 -703.874 -0.135035 -1.61978 0 
1.75403e-153 707.626 0.288482 0.0221924 0.697229 2.46689 -704.398 -1.78546 -1.44298 0 
4.25882e-154 707.685 0.286285 0.0223272 0.700265 2.46495 -704.713 -1.73558 -1.23607 0 
5.22344e-154 707.276 0.290955 0.0221878 0.695267 2.50187 -704.064 -1.62719 -1.58516 0 
1.12657e-154 713.754 0.316405 0.0217099 0.675643 2.32613 -701.863 -8.51514 -3.37531 0 
7.18572e-155 713.749 0.310623 0.021942 0.679192 2.34646 -702.172 -8.5751 -3.00207 0 
2.16551e-155 712.256 0.316342 0.0217488 0.6759 2.27084 -701.866 -7.04253 -3.34758 0 
4.03323e-155 711.012 0.309077 0.0218293 0.68115 2.26264 -702.273 -5.93386 -2.80545 0 
1.11263e-152 706.043 0.29093 0.0224242 0.697449 2.39443 -704.067 -0.54883 -1.42743 0 
2.81694e-153 708.609 0.289003 0.0226178 0.699456 2.34898 -704.325 -2.99369 -1.28963 0 
6.66665e-154 708.985 0.304227 0.0223179 0.688339 2.25912 -702.642 -4.20285 -2.14077 0 
4.62357e-154 708.331 0.292546 0.022094 0.694051 2.35361 -703.861 -2.79376 -1.67665 0 
6.35063e-155 710.104 0.309187 0.0223522 0.684665 2.23857 -702.265 -5.37042 -2.46925 0 
5.67713e-153 706.396 0.300323 0.0222122 0.68955 2.27483 -702.997 -1.362 -2.03765 0 
2.02285e-153 708.46 0.306399 0.02224 0.686387 2.23873 -702.466 -3.6817 -2.31242 0 
1.2334e-152 707.089 0.298753 0.0223967 0.691404 2.30166 -703.154 -2.04999 -1.88471 0 
1.90353e-153 708.72 0.291519 0.0226553 0.697953 2.37294 -703.991 -3.33669 -1.39214 0 
1.02549e-153 709.146 0.283682 0.0226769 0.702888 2.46948 -705.109 -2.96647 -1.07019 0 
7.03317e-154 707.492 0.283876 0.0226461 0.703987 2.37675 -705.079 -1.40908 -1.00425 0 
8.00375e-155 711.028 0.286468 0.022738 0.702989 2.38744 -704.686 -5.27787 -1.06402 0 
5.26587e-154 708.071 0.289286 0.0221363 0.697784 2.32401 -704.287 -2.38028 -1.40393 0 
2.78073e-153 707.151 0.296784 0.0220859 0.690974 2.37003 -703.364 -1.8676 -1.91962 0 
2.67589e-153 706.514 0.301578 0.0221161 0.687774 2.37475 -702.877 -1.44773 -2.18976 0 
4.28397e-154 710.681 0.312118 0.021934 0.678771 2.3205 -702.082 -5.55417 -3.04517 0 
3.51779e-156 715.891 0.311426 0.0220362 0.681935 2.3259 -702.122 -11.0399 -2.72851 0 
1.23567e-155 717.537 0.324982 0.0222532 0.671631 2.31222 -701.603 -12.1106 -3.82371 0 
6.03283e-156 716.198 0.328768 0.0220596 0.669656 2.18766 -701.557 -10.5867 -4.05457 0 
6.87072e-156 716.749 0.324684 0.0218739 0.672533 2.18531 -701.604 -11.4246 -3.72047 0 
1.24428e-153 709.57 0.308886 0.0220925 0.681647 2.34084 -702.286 -4.52745 -2.75664 0 
3.61904e-154 708.01 0.286264 0.0225632 0.700426 2.44447 -704.716 -2.06857 -1.22555 0 
8.48963e-154 707.691 0.308282 0.0222718 0.682566 2.46171 -702.328 -2.69565 -2.66748 0 
6.40938e-153 706.965 0.287257 0.0225845 0.699018 2.59846 -704.571 -1.07428 -1.3191 0 
4.18552e-153 707.006 0.296304 0.0225308 0.692936 2.49114 -703.417 -1.82639 -1.7628 0 
3.43025e-153 707.256 0.301604 0.0223219 0.687333 2.47968 -702.874 -2.15285 -2.22846 0 
2.34974e-152 706.831 0.3053 0.0222401 0.68545 2.44166 -702.553 -1.88008 -2.39714 0 
5.14531e-153 706.111 0.292578 0.0224887 0.695483 2.52399 -703.857 -0.684702 -1.5692 0 
2.15321e-153 706.276 0.297809 0.0223711 0.691708 2.43242 -703.253 -1.163 -1.86024 0 
2.73271e-153 707.55 0.285628 0.0225234 0.700412 2.49243 -704.81 -1.51337 -1.22641 0 
6.77584e-153 707.356 0.287485 0.0222976 0.698066 2.46933 -704.538 -1.43325 -1.3843 0 
5.92649e-155 710.243 0.276297 0.0227003 0.708724 2.49411 -706.371 -3.1272 -0.743984 0 
1.85007e-153 708.906 0.289291 0.0223733 0.699079 2.39605 -704.286 -3.30476 -1.31497 0 
1.76351e-154 709.448 0.295461 0.022247 0.694226 2.33726 -703.512 -4.27263 -1.66334 0 
1.19895e-153 706.425 0.295577 0.0223537 0.69429 2.31465 -703.499 -1.26819 -1.65847 0 
4.51815e-154 708.377 0.292447 0.0225931 0.697954 2.29239 -703.873 -3.11199 -1.39211 0 
6.01009e-154 708.828 0.305057 0.0222969 0.688125 2.18598 -702.57 -4.09869 -2.15931 0 
2.44254e-154 710.183 0.291857 0.0224227 0.698764 2.24887 -703.948 -4.8987 -1.33633 0 
2.69737e-154 709.984 0.272478 0.0224936 0.712385 2.33424 -707.106 -2.30902 -0.569576 0 
8.88346e-155 709.433 0.283921 0.0222523 0.702037 2.26707 -705.072 -3.23851 -1.1227 0 
5.24862e-154 705.88 0.292217 0.0222378 0.696647 2.23639 -703.901 -0.494505 -1.48447 0 
2.23169e-153 706.877 0.295232 0.0223826 0.694282 2.2569 -703.538 -1.67993 -1.65909 0 
5.10462e-154 707.322 0.293468 0.0225193 0.696903 2.25115 -703.747 -2.10886 -1.46613 0 
1.22619e-152 705.76 0.295985 0.0222624 0.693651 2.2396 -703.452 -0.601037 -1.70729 0 
5.0552e-154 710.561 0.317314 0.0219587 0.677498 2.13559 -701.819 -5.56435 -3.17747 0 
4.82964e-155 714.544 0.315915 0.0221559 0.680815 2.09853 -701.878 -9.82735 -2.83861 0 
3.39928e-155 714.938 0.321151 0.0219561 0.674624 2.07323 -701.681 -9.77009 -3.48654 0 
6.02564e-155 714.101 0.313663 0.0218625 0.681625 2.03479 -701.986 -9.35659 -2.75878 0 
3.23521e-154 712.839 0.296685 0.0218472 0.692588 2.14613 -703.371 -7.67868 -1.79015 0 
5.62906e-153 707.224 0.297294 0.0220437 0.692638 2.14204 -703.304 -2.13397 -1.78624 0 
1.23011e-152 706.374 0.299784 0.0221315 0.690532 2.20585 -703.048 -1.3704 -1.95594 0 
6.34164e-154 709.085 0.295518 0.0224752 0.695986 2.23371 -703.505 -4.04859 -1.53228 0 
1.11829e-153 708.259 0.275285 0.0226066 0.710278 2.42515 -706.56 -1.03179 -0.667087 0 
8.28153e-155 713.968 0.262803 0.022732 0.7207 2.50281 -709.223 -4.485 -0.259812 0 
1.58398e-154 713.692 0.264471 0.0228931 0.720667 2.42786 -708.831 -4.60051 -0.2608 0 
7.51471e-155 709.768 0.279504 0.022756 0.708229 2.41212 -705.798 -3.20027 -0.769349 0 
6.9501e-154 710.735 0.274524 0.0226542 0.710511 2.41077 -706.705 -3.37367 -0.655954 0 
5.56542e-154 708.982 0.278561 0.0227351 0.709186 2.30746 -705.963 -2.29866 -0.720717 0 
5.9008e-154 709.538 0.275795 0.0223438 0.709203 2.35261 -706.465 -2.35328 -0.719866 0 
3.49014e-155 711.301 0.309276 0.022404 0.684827 2.2055 -702.257 -6.58995 -2.45434 0 
1.10762e-154 708.992 0.28444 0.0226263 0.702997 2.34262 -704.991 -2.93703 -1.06352 0 
3.4062e-154 708.942 0.289643 0.02212 0.698504 2.24111 -704.238 -3.35051 -1.35413 0 
6.82167e-154 710.326 0.287569 0.0220182 0.699245 2.22887 -704.526 -4.49634 -1.30376 0 
8.74497e-154 707.632 0.302355 0.0220998 0.689165 2.1777 -702.802 -2.75931 -2.07016 0 
1.4835e-154 710.605 0.312687 0.0218285 0.679887 2.15068 -702.044 -5.62875 -2.9315 0 
6.6951e-155 712.196 0.317213 0.0217706 0.676935 2.10951 -701.822 -7.13725 -3.23694 0 
4.74653e-154 708.854 0.308704 0.0221677 0.6848 2.10426 -702.292 -4.10509 -2.45685 0 
2.25468e-154 707.57 0.287006 0.0222731 0.70051 2.20115 -704.606 -1.74413 -1.22007 0 
9.01002e-154 709.929 0.282489 0.0226654 0.705199 2.28853 -705.299 -3.69623 -0.933928 0 
2.44394e-153 706.023 0.287172 0.0223316 0.70072 2.24041 -704.583 -0.233294 -1.20641 0 
3.70462e-153 707.963 0.289515 0.0225632 0.700679 2.24788 -704.256 -2.49862 -1.20907 0 
2.89886e-153 708.243 0.281133 0.0225299 0.706803 2.31327 -705.522 -1.87665 -0.844836 0 
1.77809e-153 709.106 0.296747 0.0224602 0.694694 2.26614 -703.368 -4.11079 -1.62795 0 
2.63864e-153 706.809 0.294385 0.0221663 0.694757 2.25083 -703.637 -1.54903 -1.62321 0 
4.57719e-155 712.956 0.267343 0.0225502 0.717156 2.437 -708.183 -4.39628 -0.377161 0 
7.82914e-153 706.992 0.286322 0.0225637 0.701795 2.39472 -704.707 -1.14624 -1.13784 0 
6.73372e-154 708.155 0.289897 0.0223269 0.69806 2.41736 -704.204 -2.56593 -1.3847 0 
4.10371e-153 706.897 0.282673 0.0225887 0.70341 2.53492 -705.27 -0.589034 -1.03862 0 
6.10566e-154 707.775 0.304612 0.0224059 0.686758 2.40782 -702.61 -2.88611 -2.27926 0 
4.84021e-154 708.815 0.310553 0.0222458 0.68095 2.42016 -702.176 -3.81339 -2.82525 0 
1.56608e-153 708.299 0.301744 0.0223283 0.687526 2.41721 -702.861 -3.22616 -2.21151 0 
1.73146e-152 706.41 0.303181 0.0222403 0.687578 2.33849 -702.732 -1.4717 -2.2069 0 
3.51038e-153 705.663 0.291467 0.0223173 0.695859 2.42964 -703.998 -0.124063 -1.54152 0 
1.97485e-155 714.638 0.265007 0.0227754 0.719276 2.59011 -708.708 -5.62552 -0.304328 0 
1.46237e-154 710.633 0.281543 0.0222168 0.702272 2.48287 -705.453 -4.07173 -1.10809 0 
1.86603e-153 706.116 0.288382 0.0224289 0.698475 2.43629 -704.412 -0.348276 -1.35607 0 
6.0359e-153 706.884 0.305725 0.0221142 0.684941 2.35787 -702.519 -1.92124 -2.44381 0 
8.35885e-154 707.147 0.301332 0.0223549 0.688033 2.44417 -702.9 -2.07963 -2.16731 0 
3.10645e-153 707.454 0.299137 0.0224981 0.690526 2.46634 -703.115 -2.3828 -1.95642 0 
7.23904e-154 709.632 0.305803 0.0221362 0.685409 2.3975 -702.513 -4.71752 -2.40092 0 
7.43978e-155 709.788 0.308026 0.0218971 0.681711 2.4337 -702.346 -4.69116 -2.75035 0 
2.27817e-154 711.441 0.318475 0.0219514 0.675431 2.37038 -701.779 -6.26395 -3.39834 0 
1.33632e-153 707.903 0.310397 0.0222073 0.681167 2.4064 -702.186 -2.91305 -2.80385 0 
1.43398e-153 707.089 0.29681 0.0221331 0.691128 2.44244 -703.361 -1.82122 -1.90713 0 
2.00481e-153 706.419 0.304466 0.0222208 0.686151 2.38686 -702.622 -1.46348 -2.33357 0 
4.08091e-153 707.559 0.289472 0.0225311 0.698838 2.47293 -704.261 -1.96643 -1.3313 0 
5.03646e-154 708.735 0.286873 0.0223457 0.699876 2.50395 -704.627 -2.84698 -1.26165 0 
6.15989e-153 706.233 0.289206 0.0222911 0.697124 2.47042 -704.298 -0.485015 -1.45039 0 
6.4576e-155 710.071 0.288899 0.0226118 0.697902 2.506 -704.34 -4.3353 -1.39571 0 
3.60364e-154 708.83 0.28655 0.022677 0.701409 2.5298 -704.674 -2.99344 -1.16221 0 
2.08686e-153 708.25 0.300688 0.0223271 0.689738 2.43815 -702.961 -3.26645 -2.02193 0 
4.25545e-155 712.291 0.300251 0.0223431 0.690823 2.41628 -703.004 -7.35564 -1.93197 0 
2.46308e-153 706.947 0.297383 0.0224854 0.691832 2.4546 -703.298 -1.79842 -1.85027 0 
6.72205e-153 706.447 0.305602 0.0221533 0.684615 2.41925 -702.529 -1.4436 -2.4739 0 
1.01603e-153 705.946 0.297891 0.0222968 0.690953 2.47174 -703.244 -0.780095 -1.92138 0 
3.48257e-153 707.374 0.301798 0.0221994 0.687891 2.46696 -702.856 -2.33757 -2.17965 0 
2.2072e-154 708.999 0.294959 0.0226377 0.693824 2.5244 -703.57 -3.73516 -1.69401 0 
8.36081e-155 710.941 0.287169 0.0225339 0.698223 2.56307 -704.584 -4.98327 -1.37346 0 
8.6691e-154 710.422 0.277764 0.0223578 0.705058 2.69043 -706.104 -3.37568 -0.942012 0 
3.92039e-154 711.069 0.283298 0.0222971 0.701139 2.70342 -705.17 -4.71989 -1.17946 0 
1.14098e-153 709.457 0.275526 0.0225505 0.707509 2.74009 -706.515 -2.13513 -0.807023 0 
2.75612e-154 711.774 0.270523 0.0225946 0.712271 2.7388 -707.503 -3.69569 -0.574644 0 
1.83694e-152 706.045 0.288689 0.0224399 0.69688 2.67174 -704.369 -0.208271 -1.46772 0 
1.73508e-153 708.459 0.305654 0.0224934 0.684937 2.63314 -702.525 -3.48955 -2.44417 0 
7.60309e-154 710.555 0.311539 0.0222847 0.680838 2.59429 -702.116 -5.60315 -2.83638 0 
4.20791e-153 707.606 0.30616 0.022318 0.682674 2.71708 -702.485 -2.4636 -2.65708 0 
7.5947e-154 707.914 0.299561 0.022315 0.687177 2.72439 -703.072 -2.59979 -2.24219 0 
1.14727e-153 707.9 0.287007 0.0224383 0.698561 2.76122 -704.607 -1.94234 -1.3502 0 
5.66728e-153 707.393 0.283864 0.0225513 0.699971 2.88501 -705.081 -1.05666 -1.25539 0 
7.56121e-156 715.747 0.306997 0.0224301 0.684379 2.81637 -702.421 -10.8295 -2.49586 0 
8.1794e-155 714.568 0.327341 0.022198 0.667915 2.66181 -701.571 -8.73262 -4.26385 0 
4.67486e-155 713.49 0.330567 0.0220396 0.66544 2.64954 -701.556 -7.36288 -4.57028 0 
8.21219e-154 708.204 0.315048 0.0221379 0.675707 2.72608 -701.926 -2.90954 -3.36842 0 
1.58436e-153 705.868 0.29179 0.0223816 0.693488 2.82926 -703.956 -0.191895 -1.7199 0 
1.71852e-153 706.727 0.296763 0.0221846 0.68896 2.77573 -703.366 -1.27356 -2.08763 0 
4.97916e-153 705.775 0.305109 0.0222683 0.683358 2.80448 -702.569 -0.614371 -2.59177 0 
3.50989e-153 707.21 0.298463 0.0225652 0.689546 2.92899 -703.184 -1.98784 -2.03798 0 
6.87239e-153 708.393 0.309071 0.0224557 0.680787 2.91639 -702.273 -3.27857 -2.8414 0 
5.40347e-153 706.495 0.310204 0.0221536 0.678945 2.87863 -702.198 -1.26928 -3.02734 0 
2.44737e-153 708.983 0.312313 0.0220858 0.678052 2.8189 -702.07 -3.79312 -3.11962 0 
1.62219e-154 708.229 0.28264 0.0224971 0.701296 2.91672 -705.275 -1.78451 -1.1694 0 
3.43985e-153 708.009 0.28923 0.0225842 0.697005 2.89506 -704.294 -2.25585 -1.45883 0 
1.52858e-154 708.348 0.304604 0.022201 0.683797 2.91248 -702.61 -3.18693 -2.55031 0 
4.18329e-154 707.72 0.309354 0.0220396 0.679516 2.8034 -702.254 -2.49702 -2.96908 0 
3.21589e-153 708.344 0.309417 0.0221666 0.679222 2.77689 -702.25 -3.09487 -2.999 0 
7.41567e-155 711.991 0.284864 0.0227335 0.701363 2.92887 -704.926 -5.9002 -1.16519 0 
5.20104e-155 711.89 0.279156 0.0224168 0.70378 2.94996 -705.858 -5.0152 -1.01652 0 
1.1389e-154 712.155 0.275389 0.0224285 0.70579 2.94043 -706.541 -4.71369 -0.900614 0 
1.61795e-153 707.212 0.291153 0.0226171 0.695262 2.77171 -704.038 -1.58855 -1.58557 0 
4.87091e-155 714.527 0.306815 0.0227133 0.684436 2.74347 -702.435 -9.60097 -2.49053 0 
1.19143e-155 714.837 0.300402 0.0228199 0.690129 2.69467 -702.989 -9.85919 -1.98924 0 
2.98371e-155 713.001 0.295126 0.0227255 0.692514 2.70852 -703.55 -7.65486 -1.79601 0 
1.58076e-155 714.272 0.303096 0.0226927 0.686655 2.70432 -702.739 -9.24419 -2.28843 0 
1.10854e-155 717.754 0.284746 0.0229551 0.703368 2.77992 -704.944 -11.7689 -1.04111 0 
1.63306e-153 709.699 0.297082 0.0226731 0.69212 2.7254 -703.331 -4.541 -1.82726 0 
1.19843e-153 707.002 0.304096 0.0224341 0.685496 2.75753 -702.653 -1.95575 -2.39298 0 
1.2273e-152 706.092 0.306825 0.0222543 0.682545 2.72641 -702.434 -0.988589 -2.66947 0 
1.57601e-154 712.892 0.269317 0.022729 0.712037 2.99933 -707.756 -4.55004 -0.585132 0 
3.63623e-154 711.009 0.285455 0.0225912 0.697832 2.9695 -704.836 -4.77176 -1.40059 0 
1.91849e-154 710.09 0.299054 0.0226576 0.688752 2.8953 -703.123 -4.86195 -2.10532 0 
2.88641e-154 709.273 0.30849 0.0224902 0.682416 2.83995 -702.313 -4.27804 -2.68196 0 
4.51229e-153 706.373 0.295363 0.0224584 0.690366 2.95226 -703.523 -0.880457 -1.96966 0 
3.46674e-152 705.817 0.293219 0.0224646 0.692385 2.91621 -703.777 -0.233536 -1.80618 0 
1.48085e-153 706.003 0.298338 0.0224767 0.689214 2.88791 -703.197 -0.740019 -2.06603 0 
1.29463e-152 706.134 0.289101 0.0224436 0.695982 2.86111 -704.312 -0.289246 -1.53256 0 
1.48413e-152 706.249 0.308615 0.0222201 0.680681 2.78523 -702.305 -1.09233 -2.85198 0 
9.02345e-154 709.191 0.319262 0.0219734 0.672689 2.67966 -701.751 -3.7378 -3.70267 0 
6.89339e-155 711.327 0.304588 0.022183 0.684793 2.74924 -702.612 -6.25744 -2.45747 0 
8.10688e-155 711.813 0.301348 0.0225944 0.686502 2.86469 -702.898 -6.61275 -2.30208 0 
1.21392e-153 710.092 0.283827 0.0227156 0.700069 2.96257 -705.086 -3.75696 -1.24895 0 
1.00304e-153 707.358 0.288745 0.0223447 0.694984 2.91618 -704.361 -1.39025 -1.60625 0 
9.26814e-153 705.919 0.292698 0.0223453 0.692509 2.87901 -703.842 -0.28043 -1.79639 0 
9.58628e-155 712.053 0.274362 0.0224881 0.706814 2.94996 -706.736 -4.47278 -0.84426 0 
6.40836e-155 710.086 0.307822 0.022177 0.680489 2.69183 -702.361 -4.85427 -2.87107 0 
4.1628e-155 714.841 0.299093 0.0218226 0.685905 2.72517 -703.119 -9.36593 -2.35577 0 
1.68539e-154 710.925 0.304245 0.0220729 0.684261 2.75207 -702.64 -5.77767 -2.50683 0 
1.2525e-154 713.14 0.314996 0.022177 0.677758 2.68454 -701.928 -8.06177 -3.15022 0 
2.10403e-152 706.067 0.306221 0.0222661 0.682927 2.7727 -702.481 -0.953091 -2.63287 0 
2.52858e-153 707.532 0.310866 0.0222074 0.67848 2.81354 -702.157 -2.29961 -3.07524 0 
